Instalações : Clientes 
0 : [0, 20, 50, 81, 105, 114, 121, 166, 185] 
1 : [2, 14, 16, 32, 40, 46, 62, 65, 90, 102, 136, 151, 170, 172, 178, 194, 197, 198] 
2 : [4, 6, 38, 63, 94, 123, 167, 180] 
3 : [37, 57, 82, 85, 87, 99, 130, 139, 142, 146, 154, 156, 157, 163, 168, 169, 171, 173, 177, 179, 183, 189, 190, 196] 
4 : [] 
5 : [] 
6 : [] 
7 : [] 
8 : [] 
9 : [3, 9, 15, 23, 39, 41, 42, 56, 74, 78, 84, 86, 116, 132, 134, 137, 159, 162, 164, 187] 
10 : [] 
11 : [18, 26, 30, 33, 51, 67, 70, 71, 80, 109, 110, 117, 119, 124, 133, 182, 184, 186] 
12 : [] 
13 : [] 
14 : [] 
15 : [] 
16 : [29, 66, 76, 77, 88, 93, 125, 193, 199] 
17 : [11, 17, 43, 75] 
18 : [5, 22, 27, 44, 47, 49, 58, 60, 79, 83, 128, 135, 147, 152, 161, 174, 175, 188] 
19 : [] 
20 : [100, 106, 126, 127] 
21 : [12, 13, 19, 21, 31, 53, 55, 72, 91, 95, 104, 107, 118, 120, 122, 150, 153, 155, 158] 
22 : [] 
23 : [] 
24 : [] 
25 : [24, 28, 34, 52, 101, 103, 111, 113, 129, 138, 140, 141, 143, 160, 165, 181, 192, 195] 
26 : [] 
27 : [35, 45, 61, 89, 92, 96, 97, 108, 115] 
28 : [1, 7, 8, 10, 25, 36, 48, 54, 59, 64, 68, 69, 73, 98, 112, 131, 144, 145, 148, 149, 176, 191] 
29 : [] 
fitness : 31777 
