Instalações : Clientes 
0 : [6, 23, 39, 47, 50, 53, 81, 87, 94, 107, 122, 126, 147, 156, 157, 161, 163, 175, 176, 188, 189, 190] 
1 : [] 
2 : [] 
3 : [] 
4 : [] 
5 : [] 
6 : [] 
7 : [0, 2, 5, 11, 15, 40, 56, 58, 62, 70, 83, 89, 92, 97, 103, 117, 127, 142, 186, 194, 196] 
8 : [] 
9 : [] 
10 : [16, 21, 29, 37, 49, 85, 109, 129, 133, 137, 139, 152, 159, 162, 166, 173, 179, 198] 
11 : [96] 
12 : [] 
13 : [] 
14 : [22, 27, 28, 30, 31, 48, 57, 66, 78, 99, 110, 118, 120, 124, 128, 172, 174, 183, 199] 
15 : [] 
16 : [] 
17 : [9, 14, 61, 67, 74, 90, 98, 100, 101, 138, 151, 153, 180, 181] 
18 : [3, 7, 8, 19, 20, 25, 33, 34, 88, 112, 116, 140, 141, 148, 155] 
19 : [1, 10, 32, 42, 43, 45, 60, 68, 72, 86, 91, 104, 106, 111, 123, 167, 178, 192, 193] 
20 : [12, 17, 36, 41, 44, 46, 54, 63, 64, 73, 76, 82, 84, 115, 119, 135, 136, 154, 158, 171, 177, 185] 
21 : [] 
22 : [] 
23 : [4, 13, 24, 75, 77, 80, 95, 134, 145, 160, 164, 168, 170, 187] 
24 : [18, 26, 38, 51, 52, 79, 105, 108, 125, 131, 146, 150, 165, 169, 182, 191, 197] 
25 : [35, 55, 59, 65, 69, 71, 93, 102, 113, 114, 121, 130, 132, 143, 144, 149, 184, 195] 
26 : [] 
27 : [] 
28 : [] 
29 : [] 
fitness : 37279 
