Instalações : Clientes 
0 : [] 
1 : [] 
2 : [] 
3 : [] 
4 : [] 
5 : [] 
6 : [] 
7 : [] 
8 : [] 
9 : [0, 7, 139] 
10 : [] 
11 : [18, 31, 34, 38, 39, 47, 48, 53, 57, 68, 70, 86, 105, 108, 125, 130, 155, 164, 167, 180, 189] 
12 : [] 
13 : [1, 12, 20, 50, 74, 76, 97, 107, 117, 124, 142, 151, 153, 159, 163, 173, 178] 
14 : [] 
15 : [] 
16 : [] 
17 : [] 
18 : [] 
19 : [] 
20 : [] 
21 : [] 
22 : [13, 33, 62, 75, 88, 92, 106, 115, 121, 132, 143, 165, 185, 188] 
23 : [] 
24 : [] 
25 : [] 
26 : [] 
27 : [] 
28 : [3, 4, 15, 23, 28, 40, 58, 60, 65, 77, 85, 90, 114, 135, 144, 154, 162, 170, 175, 194, 196] 
29 : [] 
30 : [9, 11, 29, 42, 45, 54, 93, 98, 101, 118, 119, 120, 122, 129, 140, 156, 169, 172, 174, 179] 
31 : [] 
32 : [25, 35, 49, 71, 79, 83, 84, 95, 99, 110, 112, 134, 137, 141, 160, 171, 186, 197, 198] 
33 : [] 
34 : [] 
35 : [] 
36 : [2, 5, 10, 16, 32, 37, 61, 63, 73, 87, 138, 146, 147, 161, 177, 181, 182, 184, 191, 195] 
37 : [] 
38 : [] 
39 : [] 
40 : [21, 26, 30, 78, 89, 91, 102, 111, 127, 136, 150, 152, 183, 199] 
41 : [] 
42 : [80, 82, 96, 133, 145, 158, 176] 
43 : [] 
44 : [6, 14, 17, 22, 27, 43, 55, 64, 66, 81, 94, 116, 123, 126, 131, 166, 192, 193] 
45 : [] 
46 : [] 
47 : [] 
48 : [8, 19, 24, 41, 44, 46, 51, 52, 56, 59, 67, 69, 72, 103, 104, 113, 148, 157, 187, 190] 
49 : [] 
50 : [] 
51 : [] 
52 : [] 
53 : [] 
54 : [36, 100, 109, 128, 149, 168] 
55 : [] 
56 : [] 
57 : [] 
58 : [] 
59 : [] 
fitness : 32433 
