Instalações : Clientes 
0 : [] 
1 : [] 
2 : [] 
3 : [15, 21, 29, 51, 65, 69, 77, 106, 119, 128, 139, 160, 161, 175, 194, 199] 
4 : [] 
5 : [] 
6 : [] 
7 : [] 
8 : [80, 93, 103, 113, 114, 148, 177, 179, 187, 188, 195, 197] 
9 : [] 
10 : [] 
11 : [] 
12 : [] 
13 : [] 
14 : [] 
15 : [2, 9, 40, 70, 72, 74, 78, 94, 100, 110, 117, 121, 122, 130, 134, 140, 154, 170, 186, 192, 198] 
16 : [] 
17 : [] 
18 : [] 
19 : [24, 31, 39, 59, 67, 89, 107, 115, 146, 149] 
20 : [] 
21 : [] 
22 : [] 
23 : [] 
24 : [] 
25 : [25, 44, 48, 61, 62, 68, 76, 92, 95, 96, 102, 109, 116, 120, 147, 152, 168, 183, 191] 
26 : [] 
27 : [] 
28 : [] 
29 : [] 
30 : [73, 86, 91, 124, 159, 189] 
31 : [] 
32 : [23, 28, 35, 36, 43, 57, 58, 71, 84, 90, 125, 173, 181, 184] 
33 : [] 
34 : [10, 19, 20, 22, 34, 60, 64, 79, 83, 99, 123, 141, 144, 145] 
35 : [] 
36 : [5, 7, 16, 37, 41, 56, 63, 66, 101, 104, 112, 129, 162, 166, 172] 
37 : [] 
38 : [] 
39 : [] 
40 : [0, 11, 13, 54, 75, 137, 143, 151, 165, 171, 174, 185, 193] 
41 : [32, 45, 47, 55, 82, 87, 88, 97, 105, 108, 126, 132, 136, 153, 163, 169, 190] 
42 : [] 
43 : [] 
44 : [14, 18, 30, 138, 157, 178] 
45 : [] 
46 : [] 
47 : [] 
48 : [] 
49 : [] 
50 : [] 
51 : [] 
52 : [] 
53 : [3, 17, 27, 33, 38, 42, 50, 81, 85, 98, 111, 131, 155] 
54 : [118, 133, 135, 156, 180] 
55 : [] 
56 : [] 
57 : [] 
58 : [] 
59 : [1, 4, 6, 8, 12, 26, 46, 49, 52, 53, 127, 142, 150, 158, 164, 167, 176, 182, 196] 
fitness : 33866 
