Instalações : Clientes 
0 : [] 
1 : [0] 
2 : [] 
3 : [] 
4 : [] 
5 : [2, 81, 101, 107, 147, 173, 186] 
6 : [] 
7 : [] 
8 : [39, 80, 106, 119, 198] 
9 : [20, 42, 62, 65, 77, 83, 85, 95, 122, 125, 135, 149, 151, 180] 
10 : [3, 24, 27, 30, 44, 51, 52, 67, 82, 94, 108, 110, 117, 118, 166, 171, 196] 
11 : [28, 33, 35, 46, 56, 60, 68, 102, 103, 104, 121, 127, 132, 143, 148, 157, 159, 162, 178, 183, 185, 195] 
12 : [] 
13 : [92, 93, 114, 120, 133, 153, 155, 158, 167, 168, 194] 
14 : [] 
15 : [] 
16 : [6, 10, 13, 22, 25, 32, 40, 53, 74, 79, 86, 88, 98, 105, 126, 140, 188, 191] 
17 : [1, 9, 12, 17, 18, 23, 29, 48, 49, 54, 55, 58, 73, 76, 90, 96, 112, 144, 154, 193] 
18 : [] 
19 : [] 
20 : [] 
21 : [4, 8, 11, 15, 26, 36, 70, 71, 97, 99, 113, 116, 123, 129, 130, 137, 138, 152, 160, 177, 187] 
22 : [] 
23 : [5, 21, 31, 34, 45, 59, 64, 66, 75, 87, 89, 91, 109, 131, 136, 139, 141, 165, 170, 172, 192] 
24 : [14, 63, 128, 134, 174, 175, 197] 
25 : [] 
26 : [7, 16, 19, 37, 43, 47, 50, 57, 61, 84, 100, 111, 115, 146, 150, 161, 169, 176, 179, 184, 189, 199] 
27 : [38, 41, 69, 72, 78, 124, 142, 145, 156, 163, 164, 181, 182, 190] 
28 : [] 
29 : [] 
fitness : 34196 
