Instalações : Clientes 
0 : [38, 52, 61, 81, 94, 105, 112, 122, 127, 146, 150, 153, 156, 157, 175, 176, 182, 188, 191] 
1 : [] 
2 : [] 
3 : [] 
4 : [] 
5 : [4, 13, 16, 22, 24, 29, 66, 74, 75, 77, 87, 126, 134, 136, 145, 164, 166, 170, 180, 187] 
6 : [5, 55, 71, 72, 91, 97, 102, 113, 121, 123, 132, 140, 195] 
7 : [] 
8 : [] 
9 : [] 
10 : [] 
11 : [] 
12 : [] 
13 : [] 
14 : [27, 46, 49, 67, 73, 78, 80, 82, 110, 133, 139, 152, 154, 160, 177, 179, 185, 198] 
15 : [] 
16 : [] 
17 : [11, 14, 85, 90, 98, 100, 118, 129, 130, 151, 155, 173, 186, 190, 197] 
18 : [] 
19 : [1, 30, 31, 35, 45, 48, 65, 68, 86, 96, 99, 114, 116, 120, 128, 138, 142, 172, 183, 184, 193, 199] 
20 : [12, 17, 36, 37, 44, 54, 57, 63, 64, 76, 95, 109, 115, 119, 135, 137, 158, 159, 162, 168, 171] 
21 : [] 
22 : [] 
23 : [] 
24 : [6, 23, 26, 33, 39, 47, 51, 53, 101, 107, 125, 131, 147, 163, 181, 189] 
25 : [56, 59, 62, 69, 70, 83, 89, 92, 93, 103, 143, 144, 149, 194] 
26 : [] 
27 : [0, 2, 3, 7, 8, 9, 15, 18, 19, 20, 21, 25, 34, 40, 42, 50, 58, 79, 88, 108, 117, 141, 148, 161, 165, 169, 196] 
28 : [] 
29 : [10, 28, 32, 41, 43, 60, 84, 104, 106, 111, 124, 167, 174, 178, 192] 
fitness : 41117 
