Instalações : Clientes 
0 : [1, 11, 20, 39, 46, 70, 71, 80] 
1 : [] 
2 : [7, 17, 18, 31, 32, 51, 86, 87] 
3 : [] 
4 : [38, 53, 75] 
5 : [2, 23, 41, 63] 
6 : [3] 
7 : [10, 45, 55, 74] 
8 : [0, 6, 8, 14, 21, 65, 66, 68, 88] 
9 : [9, 59, 79] 
10 : [16, 19, 22, 28, 33, 47, 57, 73, 76] 
11 : [] 
12 : [] 
13 : [] 
14 : [13, 82] 
15 : [5, 26] 
16 : [] 
17 : [69, 77, 85] 
18 : [] 
19 : [49, 52, 64] 
20 : [] 
21 : [] 
22 : [] 
23 : [29, 35, 60, 62, 67] 
24 : [12, 24, 27, 44, 50, 54, 58, 78] 
25 : [] 
26 : [] 
27 : [15, 34, 36, 42, 56, 81, 83, 89] 
28 : [4, 40, 43, 48, 72, 84] 
29 : [25, 30, 37, 61] 
fitness : 95490 
