Instalações : Clientes 
0 : [] 
1 : [] 
2 : [0, 67, 69, 72, 103, 104, 113, 118, 123, 124, 154, 170, 173, 175, 190, 194] 
3 : [30, 31, 43, 46, 56, 68, 73, 78, 116, 133, 136, 139, 150, 155, 158, 159, 167, 176, 178] 
4 : [] 
5 : [11, 24, 33, 50, 52, 54, 71, 76, 85, 111, 117, 131, 145, 165, 179, 183, 186] 
6 : [] 
7 : [] 
8 : [] 
9 : [] 
10 : [2, 92, 100, 109, 121, 128, 138, 146, 149, 177, 181, 182, 185, 191] 
11 : [1, 3, 15, 23, 58, 65, 86, 89, 90, 91, 102, 108, 130, 144, 162] 
12 : [] 
13 : [8, 9, 12, 14, 19, 20, 21, 22, 27, 37, 41, 44, 74, 88, 98, 101, 126, 134, 147, 156, 166, 174, 187] 
14 : [] 
15 : [] 
16 : [] 
17 : [] 
18 : [] 
19 : [] 
20 : [] 
21 : [106] 
22 : [5, 17, 32, 36, 61, 62, 64, 115, 132, 143, 188, 195] 
23 : [] 
24 : [] 
25 : [] 
26 : [] 
27 : [] 
28 : [] 
29 : [] 
30 : [] 
31 : [] 
32 : [29, 35, 42, 45, 59, 84, 94, 95, 112, 120, 129, 148, 157, 160, 171, 193, 196, 197] 
33 : [] 
34 : [4, 6, 7, 16, 18, 26, 34, 38, 47, 48, 51, 57, 63, 70, 77, 80, 82, 87, 96, 122, 125, 142, 151, 164, 184, 189] 
35 : [] 
36 : [] 
37 : [] 
38 : [] 
39 : [] 
40 : [25, 28, 39, 40, 53, 60, 66, 93, 97, 107, 114, 135, 152, 153, 163, 168, 172, 180, 199] 
41 : [10, 105, 127] 
42 : [] 
43 : [] 
44 : [] 
45 : [13, 49, 55, 75, 79, 81, 83, 99, 110, 119, 137, 140, 141, 161, 169, 192, 198] 
46 : [] 
47 : [] 
48 : [] 
49 : [] 
50 : [] 
51 : [] 
52 : [] 
53 : [] 
54 : [] 
55 : [] 
56 : [] 
57 : [] 
58 : [] 
59 : [] 
fitness : 31849 
