Instalações : Clientes 
0 : [9, 11, 26, 40, 47, 49, 52, 60, 62, 67, 107, 120, 130, 134, 140] 
1 : [] 
2 : [41] 
3 : [] 
4 : [] 
5 : [] 
6 : [] 
7 : [2, 3, 4, 17, 20, 23, 45, 56, 77, 81, 106, 108, 111, 148] 
8 : [] 
9 : [] 
10 : [] 
11 : [0, 5, 8, 12, 13, 15, 16, 19, 25, 31, 34, 35, 39, 53, 55, 59, 64, 65, 71, 72, 80, 82, 84, 87, 88, 92, 103, 104, 113, 114, 124, 125, 146, 147] 
12 : [] 
13 : [] 
14 : [] 
15 : [] 
16 : [] 
17 : [75, 83, 85, 86, 90, 94, 95, 96, 101, 102, 109, 110, 112, 123, 135, 138, 139, 141, 142, 143, 144] 
18 : [] 
19 : [73] 
20 : [] 
21 : [] 
22 : [] 
23 : [] 
24 : [7, 10, 27, 28, 29, 36, 37, 42, 44, 50, 61, 66, 68, 69, 74, 76, 79, 91, 116, 117, 118, 119, 127, 129, 132, 149] 
25 : [] 
26 : [] 
27 : [1, 21, 32, 46, 48, 54, 63, 70, 78, 93, 97, 100, 121, 122, 128, 136] 
28 : [] 
29 : [6, 14, 18, 22, 24, 30, 33, 38, 43, 51, 57, 58, 89, 98, 99, 105, 115, 126, 131, 133, 137, 145] 
fitness : 23548 
