Instalações : Clientes 
0 : [0, 27, 32, 33, 38, 39, 45, 46, 54, 58, 66, 78, 92, 94, 103, 109, 110, 122, 128, 148, 153, 155, 161, 162, 170, 193] 
1 : [] 
2 : [] 
3 : [8, 12, 19, 29, 31, 47, 57, 60, 63, 74, 76, 87, 95, 104, 105, 107, 108, 111, 114, 127, 130, 142, 145, 179, 181, 185, 190] 
4 : [] 
5 : [9, 13, 21, 26, 34, 36, 41, 62, 75, 98, 101, 102, 113, 119, 132, 138, 154, 192, 195, 196] 
6 : [] 
7 : [] 
8 : [] 
9 : [23, 30, 73, 84, 86, 91, 123, 141, 172, 174, 175, 176] 
10 : [3, 4, 14, 20, 40, 43, 65, 124, 135, 144, 146, 149, 163, 168, 169, 180, 187] 
11 : [5, 10, 17, 22, 24, 35, 80, 97, 106, 129, 147, 157, 158, 160, 164, 171, 183, 184, 188] 
12 : [6, 18, 25, 28, 56, 64, 72, 90, 125, 126, 136, 139, 140] 
13 : [] 
14 : [] 
15 : [] 
16 : [2, 16, 37, 44, 88, 152, 186, 189, 194, 199] 
17 : [] 
18 : [1, 53, 81, 82, 85, 93, 99, 133, 134, 137, 173] 
19 : [] 
20 : [89, 112, 117, 118, 151] 
21 : [] 
22 : [] 
23 : [] 
24 : [7, 11, 42, 49, 59, 71, 96, 115, 116, 120, 121, 150, 166, 178, 182, 191, 197, 198] 
25 : [] 
26 : [48, 50, 52, 55, 61, 79, 100, 143, 159, 165] 
27 : [] 
28 : [] 
29 : [15, 51, 67, 68, 69, 70, 77, 83, 131, 156, 167, 177] 
fitness : 30846 
