Instalações : Clientes 
0 : [] 
1 : [0, 16, 34, 39, 42, 52, 53, 105, 113, 128, 135, 136, 138, 154, 162, 171, 173, 181, 190] 
2 : [] 
3 : [23, 43, 78, 82, 86, 99, 121, 132, 134, 146, 157, 159, 164, 165, 166, 177, 179, 183, 185, 189, 196] 
4 : [] 
5 : [] 
6 : [8, 11, 20, 24, 25, 28, 50, 61, 89, 96, 101, 103, 126, 140, 143] 
7 : [] 
8 : [12, 13, 14, 26, 30, 40, 64, 90, 94, 102, 107, 112, 124, 142, 147, 156, 170, 178, 184, 198] 
9 : [] 
10 : [15, 17, 41, 74, 75, 83, 127, 130, 137, 163, 187] 
11 : [2, 6, 19, 33, 46, 51, 67, 69, 70, 71, 80, 109, 110, 117, 118, 119, 133, 153] 
12 : [] 
13 : [85, 87, 92, 100, 106, 111, 114, 139, 141, 160, 169, 192, 195] 
14 : [] 
15 : [] 
16 : [] 
17 : [] 
18 : [5, 9, 22, 27, 31, 44, 47, 49, 57, 66, 77, 79, 84, 88, 93, 116, 174, 175, 188, 197] 
19 : [7, 35, 38, 45, 48, 63, 97, 115, 123, 129, 145, 180, 191] 
20 : [] 
21 : [18, 29, 55, 60, 62, 72, 95, 104, 120, 122, 151, 155, 161, 172, 186, 193] 
22 : [] 
23 : [] 
24 : [21, 168, 194] 
25 : [] 
26 : [] 
27 : [] 
28 : [1, 3, 4, 32, 36, 37, 54, 56, 59, 65, 68, 73, 81, 91, 98, 108, 131, 144, 148, 149, 167, 176, 182] 
29 : [10, 58, 76, 125, 150, 152, 158, 199] 
fitness : 30856 
