Instalações : Clientes 
0 : [0, 94, 117, 135, 151, 191] 
1 : [] 
2 : [7, 12, 28, 31, 45, 47, 56, 59, 88, 89, 105, 109, 129, 131, 132, 171, 179, 189] 
3 : [9, 16, 34, 35, 44, 51, 62, 74, 77, 95, 98, 102, 122, 141, 149, 173, 180, 183, 195] 
4 : [] 
5 : [] 
6 : [22, 79, 108, 118, 143, 166] 
7 : [1, 14, 15, 38, 73, 83, 85, 87, 91, 120, 133, 156, 163, 167, 197] 
8 : [] 
9 : [] 
10 : [3, 5, 25, 30, 40, 67, 75, 82, 86, 101, 110, 126, 139, 140, 165, 172, 188] 
11 : [20, 33, 37, 41, 46, 48, 49, 52, 71, 84, 103, 104, 114, 125, 127, 136, 148, 157, 159, 170, 192] 
12 : [81] 
13 : [4, 8, 11, 32, 92, 93, 112, 119, 124, 147, 153, 162, 168, 182, 185, 186, 196] 
14 : [] 
15 : [18, 23, 29, 36, 50, 53, 54, 55, 63, 69, 78, 96, 113, 128, 152, 155, 174, 175, 198] 
16 : [] 
17 : [57, 58, 70, 76, 90, 97, 106, 144, 150, 154, 177, 193] 
18 : [] 
19 : [] 
20 : [] 
21 : [] 
22 : [] 
23 : [] 
24 : [] 
25 : [] 
26 : [61, 64, 99, 100, 111, 115, 121, 123, 130, 134, 137, 138, 146, 160, 161, 169, 176, 184, 190] 
27 : [2, 13, 17, 21, 24, 26, 27, 39, 43, 72, 80, 107, 116, 145, 164, 178, 187] 
28 : [6, 10, 19, 42, 60, 65, 66, 68, 142, 158, 181, 194, 199] 
29 : [] 
fitness : 34379 
