Instalações : Clientes 
0 : [0, 12, 16, 19, 23, 30, 33, 39, 46, 54, 82, 84, 86, 91, 92, 94, 99, 100, 110, 134, 148, 153, 175, 176] 
1 : [2, 17, 21, 26, 28, 72, 119, 124, 139, 140, 146, 162] 
2 : [27, 32, 52, 53, 55, 58, 61, 70, 77, 78, 79, 81, 85, 90, 103, 111, 122, 127, 143, 155, 159, 161, 165, 173, 188] 
3 : [3, 10, 13, 20, 22, 24, 29, 31, 63, 65, 67, 74, 80, 87, 95, 101, 102, 104, 105, 107, 130, 135, 142, 168, 169, 171, 179, 185] 
4 : [123] 
5 : [] 
6 : [] 
7 : [] 
8 : [] 
9 : [] 
10 : [4, 5, 7, 8, 9, 11, 14, 40, 47, 57, 144, 158, 180, 187, 190] 
11 : [35, 41, 43, 48, 60, 89, 96, 97, 106, 114, 117, 118, 120, 129, 145, 147, 163, 184, 191] 
12 : [18, 34, 36, 38, 62, 75, 88, 98, 112, 125, 132, 195, 196, 199] 
13 : [] 
14 : [1, 25, 44, 93, 108, 128, 133, 174, 181, 193] 
15 : [] 
16 : [] 
17 : [] 
18 : [] 
19 : [] 
20 : [] 
21 : [] 
22 : [] 
23 : [] 
24 : [6, 15, 49, 50, 51, 59, 71, 115, 121, 150, 157, 166, 178, 182, 197, 198] 
25 : [138, 151, 154, 160, 164, 183] 
26 : [] 
27 : [] 
28 : [37, 45, 56, 64, 66, 73, 76, 109, 113, 126, 136, 137, 141, 152, 170, 172, 186, 189, 192, 194] 
29 : [42, 68, 69, 83, 116, 131, 149, 156, 167, 177] 
fitness : 30689 
