Instalações : Clientes 
0 : [] 
1 : [1, 24, 28, 36, 47, 49, 71, 78, 80, 87, 97, 105, 125, 141, 144, 168, 172, 183, 186] 
2 : [] 
3 : [43, 44, 62, 81, 82, 86, 100, 101, 124, 142, 160, 173, 176, 198] 
4 : [] 
5 : [] 
6 : [0, 9, 10, 13, 38, 74, 107, 134, 139, 169, 194, 195] 
7 : [] 
8 : [] 
9 : [5, 14, 18, 19, 25, 29, 35, 41, 59, 63, 72, 75, 138, 153, 158, 162, 174, 175, 180, 182] 
10 : [] 
11 : [] 
12 : [3, 11, 22, 23, 30, 34, 50, 55, 65, 73, 88, 89, 131, 132, 150, 181, 185, 188] 
13 : [16, 27, 31, 40, 42, 45, 46, 48, 64, 95, 103, 108, 109, 119, 121, 130, 135, 146, 152, 155, 157, 161, 179, 189, 190, 193] 
14 : [2, 20, 85, 92, 94, 102, 111, 115, 120, 123, 128, 136, 145, 147, 154, 165, 166, 177, 187, 196] 
15 : [] 
16 : [] 
17 : [] 
18 : [] 
19 : [] 
20 : [52, 56, 58, 61, 68, 69, 79, 83, 84, 98, 104, 110, 122, 151, 156, 163, 164, 167, 197] 
21 : [] 
22 : [33, 37, 51, 53, 57, 66, 90, 96, 112, 114, 116, 117, 137, 149, 184, 191] 
23 : [12, 32, 159, 170] 
24 : [] 
25 : [] 
26 : [4, 6, 8, 17, 39, 60, 67, 77, 91, 118, 126, 129, 143, 148, 171] 
27 : [] 
28 : [] 
29 : [7, 15, 21, 26, 54, 70, 76, 93, 99, 106, 113, 127, 133, 140, 178, 192, 199] 
fitness : 31747 
