Instalações : Clientes 
0 : [] 
1 : [] 
2 : [] 
3 : [] 
4 : [0, 11, 29, 42, 44, 49, 72, 84, 93, 118, 119, 129, 172, 173] 
5 : [10, 12, 21, 33, 36, 54, 76, 109, 113, 121, 124, 144, 166, 193] 
6 : [] 
7 : [] 
8 : [] 
9 : [14, 16, 73, 107, 178] 
10 : [] 
11 : [3, 9, 15, 18, 25, 31, 32, 39, 43, 58, 130, 136, 152, 153, 162, 164, 188, 189, 199] 
12 : [] 
13 : [] 
14 : [] 
15 : [] 
16 : [] 
17 : [] 
18 : [] 
19 : [] 
20 : [] 
21 : [] 
22 : [] 
23 : [] 
24 : [1, 2, 4, 20, 34, 40, 56, 67, 71, 74, 77, 94, 97, 103, 106, 111, 114, 146, 154, 156] 
25 : [] 
26 : [] 
27 : [] 
28 : [46, 53, 57, 59, 60, 65, 86, 91, 102, 104, 142, 155, 157, 163, 175, 190, 194, 196] 
29 : [] 
30 : [8, 19, 24, 41, 62, 69, 92, 95, 98, 101, 112, 135, 140, 141, 148, 169, 170, 171, 179, 186] 
31 : [] 
32 : [17, 27, 35, 45, 50, 51, 52, 66, 81, 83, 110, 120, 123, 131, 132, 147, 160, 167, 168, 187] 
33 : [] 
34 : [6, 28, 30, 37, 38, 47, 48, 63, 68, 70, 88, 89, 96, 105, 116, 122, 125, 127, 150, 180, 183] 
35 : [] 
36 : [] 
37 : [] 
38 : [] 
39 : [] 
40 : [] 
41 : [] 
42 : [] 
43 : [] 
44 : [5, 117, 128, 134, 145, 149, 177, 191, 192, 195] 
45 : [55, 64, 75, 80, 87, 99, 100, 115, 126, 137, 138, 143, 161, 165, 174, 182, 184, 185, 197, 198] 
46 : [] 
47 : [] 
48 : [] 
49 : [] 
50 : [] 
51 : [] 
52 : [] 
53 : [] 
54 : [] 
55 : [] 
56 : [] 
57 : [7, 13, 22, 23, 26, 61, 78, 79, 82, 85, 90, 108, 133, 139, 151, 158, 159, 176, 181] 
58 : [] 
59 : [] 
fitness : 34050 
