Instalações : Clientes 
0 : [] 
1 : [] 
2 : [] 
3 : [] 
4 : [0, 22, 55, 84, 93, 112, 119, 123, 131, 141, 160, 169, 174, 197] 
5 : [] 
6 : [10, 36, 81, 128, 132, 149, 168, 195] 
7 : [] 
8 : [] 
9 : [] 
10 : [] 
11 : [] 
12 : [] 
13 : [1, 14, 18, 40, 50, 54, 63, 74, 76, 85, 87, 94, 97, 105, 116, 133, 167, 177, 181, 183, 193, 199] 
14 : [30, 159] 
15 : [] 
16 : [7, 12, 26, 180] 
17 : [] 
18 : [] 
19 : [] 
20 : [] 
21 : [] 
22 : [] 
23 : [179] 
24 : [3, 4, 6, 15, 21, 58, 65, 67, 77, 91, 101, 124, 134, 135, 136, 152, 153, 173, 178] 
25 : [] 
26 : [] 
27 : [] 
28 : [] 
29 : [] 
30 : [] 
31 : [] 
32 : [20, 27, 35, 41, 49, 62, 66, 71, 79, 83, 106, 117, 120, 129, 161, 165, 166, 186, 192] 
33 : [] 
34 : [5, 31, 38, 39, 48, 57, 68, 70, 78, 86, 96, 125, 130, 139, 142, 176] 
35 : [] 
36 : [2, 13, 16, 32, 33, 34, 61, 75, 88, 92, 100, 109, 115, 126, 138, 147, 182, 185] 
37 : [] 
38 : [37, 43, 73, 80, 82, 127, 145, 150, 151, 158, 188, 191] 
39 : [17, 64, 99, 110, 121, 137, 143, 198] 
40 : [19, 25, 28, 47, 53, 60, 89, 107, 108, 111, 122, 144, 155, 162, 163, 164, 189] 
41 : [] 
42 : [] 
43 : [] 
44 : [] 
45 : [] 
46 : [] 
47 : [] 
48 : [8, 9, 46, 51, 59, 69, 72, 90, 102, 103, 104, 113, 114, 154, 170, 175, 187, 190, 194] 
49 : [] 
50 : [] 
51 : [] 
52 : [] 
53 : [] 
54 : [] 
55 : [11, 23, 24, 29, 42, 44, 45, 52, 56, 95, 98, 118, 140, 146, 148, 156, 157, 171, 172, 184, 196] 
56 : [] 
57 : [] 
58 : [] 
59 : [] 
fitness : 33861 
