Instalações : Clientes 
0 : [4, 17, 29, 32, 54, 61, 64, 71, 79, 83, 91, 98, 130, 142, 148, 154, 177, 191, 192] 
1 : [] 
2 : [] 
3 : [] 
4 : [20, 22, 30, 31, 39, 42, 43, 58, 69, 80, 85, 87, 97, 134, 141, 144, 145, 150, 166, 167, 169, 176, 185, 187, 193] 
5 : [] 
6 : [] 
7 : [123, 161, 181, 189] 
8 : [] 
9 : [] 
10 : [] 
11 : [] 
12 : [62, 66, 94, 95, 101, 110, 124, 129, 149, 155, 160, 162, 170, 197] 
13 : [55, 60, 65, 68, 70, 74, 102, 105, 108, 114, 115, 117, 120, 131, 137, 140, 151, 153, 171, 175, 196] 
14 : [] 
15 : [3, 9, 13, 14, 28, 34, 36, 46, 56, 75, 81, 107, 126, 127, 138, 139, 147, 152, 179, 195] 
16 : [5, 7, 8, 11, 15, 16, 19, 41, 63, 86, 112, 116, 180, 184] 
17 : [84, 136, 156, 172] 
18 : [2, 6, 23, 25, 33, 53, 78, 89, 90, 122, 128, 132, 143, 163, 173, 183] 
19 : [24, 27, 38, 45, 57, 72, 77, 82, 103, 113, 121, 125, 157, 168] 
20 : [] 
21 : [] 
22 : [] 
23 : [] 
24 : [1, 10, 12, 44, 59, 67, 73, 76, 92, 99, 100, 104, 106, 146, 182, 186, 190, 194] 
25 : [] 
26 : [] 
27 : [35, 48, 52, 88, 96, 109, 111, 119, 135, 178, 188, 198] 
28 : [0, 18, 21, 26, 37, 40, 47, 49, 50, 51, 93, 118, 133, 158, 159, 164, 165, 174, 199] 
29 : [] 
fitness : 31261 
