Instalações : Clientes 
0 : [60, 130, 139] 
1 : [] 
2 : [3, 11, 52, 90, 96, 110, 112, 143, 144] 
3 : [] 
4 : [] 
5 : [5, 18, 22, 24, 28, 53, 61, 68, 72, 89, 115, 120, 126, 137, 146, 147, 149] 
6 : [] 
7 : [4, 8, 20, 26, 39, 49, 70, 73, 81, 84, 104, 108, 121] 
8 : [0, 2, 9, 12, 13, 15, 25, 34, 35, 41, 47, 54, 55, 62, 71, 75, 77, 80, 82, 88, 100, 109, 123, 134, 135, 138, 141, 142] 
9 : [] 
10 : [] 
11 : [6, 14, 19, 23, 31, 40, 56, 57, 64, 65, 78, 86, 87, 92, 94, 99, 101, 103, 105, 106, 107, 111, 113, 114, 122, 124, 128, 131, 140, 148] 
12 : [] 
13 : [] 
14 : [] 
15 : [] 
16 : [] 
17 : [16, 17, 32, 45, 59, 67, 83, 85, 102] 
18 : [] 
19 : [51] 
20 : [] 
21 : [] 
22 : [] 
23 : [] 
24 : [7, 10, 27, 29, 36, 37, 42, 44, 50, 66, 69, 74, 76, 79, 91, 95, 116, 117, 118, 119, 127, 132, 133] 
25 : [] 
26 : [] 
27 : [1, 21, 30, 33, 38, 43, 46, 48, 58, 63, 93, 97, 98, 125, 129, 136, 145] 
28 : [] 
29 : [] 
fitness : 18915 
