Instalações : Clientes 
0 : [0, 1, 2, 3, 4, 5, 6, 7, 8, 9, 11, 14, 15, 16, 17, 18, 19, 20, 21, 22, 23, 24, 25, 26, 28] 
1 : [] 
2 : [] 
3 : [] 
4 : [27, 29, 30, 31, 33, 36, 37, 38, 39, 40, 41] 
5 : [] 
6 : [] 
7 : [] 
8 : [] 
9 : [] 
10 : [] 
11 : [] 
12 : [46, 47, 53, 57, 63] 
13 : [34, 44, 45, 48, 49, 50, 51, 52, 54, 59, 64] 
14 : [] 
15 : [] 
16 : [] 
17 : [10, 12, 32, 35, 42, 43, 55, 56, 58, 60, 61, 62, 65, 66, 67, 68, 69, 70, 71, 72, 77] 
18 : [] 
19 : [13, 73, 74, 75, 76, 78, 79] 
fitness : 7271 
