Instalações : Clientes 
0 : [126, 194, 198] 
1 : [] 
2 : [] 
3 : [] 
4 : [1, 3, 5, 6, 7, 8, 22, 24, 26, 31, 32, 33, 45, 55, 58, 63, 82, 86, 87, 89, 90, 92, 98, 100, 112, 116, 117, 118, 119, 121, 122, 125, 128, 130, 141, 142, 146, 150, 174, 176, 184, 193, 199] 
5 : [] 
6 : [] 
7 : [] 
8 : [10, 11, 13, 19, 28, 34, 36, 54, 56, 61, 75, 79, 83, 91, 107, 124, 134, 138, 139, 144, 145, 147, 152, 166, 167, 195] 
9 : [40, 43, 65, 69, 72, 74, 80, 97, 102, 161, 162, 170, 171, 189] 
10 : [] 
11 : [] 
12 : [37, 38, 39, 44, 47, 48, 49, 50, 52, 53, 57, 59, 60, 67, 68, 70, 73, 76, 78, 81, 94, 101, 103, 108, 113, 114, 115, 120, 123, 129, 131, 136, 159, 164, 165, 197] 
13 : [133, 140, 143, 149, 151, 168, 175] 
14 : [14, 15, 21, 25, 41, 42, 51, 62, 66, 95, 105, 110, 155, 156, 157, 158, 160, 169, 181, 185] 
15 : [2, 4, 9, 16, 17, 18, 23, 27, 29, 30, 35, 46, 71, 77, 84, 85, 88, 93, 96, 99, 104, 106, 109, 111, 127, 132, 135, 137, 148, 153, 154, 172, 173, 177, 178, 179, 180, 182, 183, 186, 187, 188, 191, 192, 196] 
16 : [] 
17 : [20] 
18 : [0] 
19 : [] 
20 : [] 
21 : [] 
22 : [] 
23 : [64, 163] 
24 : [12, 190] 
25 : [] 
26 : [] 
27 : [] 
28 : [] 
29 : [] 
fitness : 31415 
