Instalações : Clientes 
0 : [17, 20, 41, 51, 56, 58, 60, 64, 67, 75, 83, 85, 90, 94, 96, 101, 104, 112, 120, 125, 130, 139] 
1 : [] 
2 : [] 
3 : [] 
4 : [] 
5 : [] 
6 : [] 
7 : [] 
8 : [] 
9 : [7, 10, 22, 24, 27, 28, 29, 36, 37, 42, 44, 46, 50, 66, 74, 76, 79, 91, 95, 116, 117, 119, 129, 132, 133, 137] 
10 : [] 
11 : [5, 6, 14, 19, 40, 48, 53, 57, 61, 65, 73, 78, 81, 87, 89, 103, 105, 106, 107, 113, 114, 131, 134, 140, 145, 147, 148, 149] 
12 : [] 
13 : [] 
14 : [16, 21, 26, 39, 43, 45, 49, 52, 54, 59, 68, 70, 86, 92, 97, 102, 108, 110, 111, 124, 135, 143] 
15 : [] 
16 : [] 
17 : [] 
18 : [] 
19 : [] 
20 : [0, 1, 2, 3, 4, 8, 9, 11, 12, 13, 15, 25, 34, 35, 47, 55, 62, 71, 77, 80, 82, 88, 99, 100, 109, 123, 138, 141, 142, 144] 
21 : [] 
22 : [] 
23 : [] 
24 : [] 
25 : [18, 23, 30, 31, 32, 33, 38, 63, 69, 72, 84, 93, 98, 115, 118, 121, 122, 126, 127, 128, 136, 146] 
26 : [] 
27 : [] 
28 : [] 
29 : [] 
fitness : 16711 
