Instalações : Clientes 
0 : [0, 90, 105, 112, 116, 153, 165] 
1 : [] 
2 : [4, 9, 23, 39, 52, 66, 94, 126, 131, 156, 157, 163, 169, 175, 180, 182, 190] 
3 : [] 
4 : [] 
5 : [] 
6 : [5, 35, 42, 55, 69, 71, 86, 93, 97, 102, 113, 114, 142, 184, 192, 195] 
7 : [] 
8 : [1, 16, 37, 41, 43, 44, 48, 54, 57, 61, 63, 64, 67, 68, 78, 82, 104, 111, 115, 119, 120, 124, 154, 158, 177, 185] 
9 : [] 
10 : [7, 11, 14, 22, 74, 77, 80, 81, 98, 100, 122, 139, 145, 162, 164, 179, 186, 188, 198] 
11 : [40, 56, 58, 59, 62, 65, 70, 83, 89, 92, 103, 117, 121, 127, 132, 140, 143, 144, 149, 155, 194, 196] 
12 : [] 
13 : [12, 13, 46, 75, 95, 109, 134, 136, 137, 152, 159, 160, 166, 168, 170] 
14 : [] 
15 : [] 
16 : [6, 18, 21, 29, 33, 38, 47, 51, 53, 79, 88, 101, 125, 141, 147, 148, 181, 189, 191, 197] 
17 : [] 
18 : [] 
19 : [] 
20 : [17, 24, 27, 36, 49, 73, 76, 85, 110, 118, 129, 133, 135, 138, 151, 171, 172, 173, 183, 187] 
21 : [] 
22 : [] 
23 : [] 
24 : [2, 3, 8, 15, 19, 20, 25, 26, 34, 50, 96, 99, 107, 108, 130, 146, 150, 161, 176] 
25 : [] 
26 : [10, 28, 30, 31, 32, 45, 60, 72, 84, 87, 91, 106, 123, 128, 167, 174, 178, 193, 199] 
27 : [] 
28 : [] 
29 : [] 
fitness : 43154 
