Instalações : Clientes 
0 : [72, 101, 119, 133, 161, 168, 170, 179] 
1 : [] 
2 : [13, 45, 53, 66, 90, 117, 124, 129, 130, 137, 144, 146, 150, 152, 166] 
3 : [10, 31, 32, 40, 65, 71, 126, 127, 165, 171, 177] 
4 : [] 
5 : [] 
6 : [17, 22, 33, 77, 92, 107, 169, 186, 191] 
7 : [] 
8 : [4, 11, 20, 24, 25, 51, 62, 80, 84, 96, 98, 125, 135, 136, 147, 192, 199] 
9 : [] 
10 : [] 
11 : [49, 54, 82, 86, 89, 94, 111, 121, 134, 148, 162, 167, 183, 187, 193, 195] 
12 : [] 
13 : [] 
14 : [] 
15 : [] 
16 : [] 
17 : [] 
18 : [] 
19 : [] 
20 : [18, 38, 39, 47, 56, 68, 74, 91, 100, 109, 113, 116, 120, 138, 142, 154, 157, 172, 175] 
21 : [] 
22 : [23, 78, 93, 105, 106, 153, 178] 
23 : [] 
24 : [] 
25 : [14, 19, 26, 30, 37, 43, 55, 67, 79, 87, 99, 110, 123, 128, 131, 139, 145] 
26 : [] 
27 : [9, 29, 42, 44, 63, 64, 97, 108, 112, 114, 122, 141, 155, 182, 189, 197] 
28 : [] 
29 : [] 
30 : [] 
31 : [] 
32 : [] 
33 : [61, 75, 76, 81, 95, 102, 118, 149, 163, 164, 173, 194] 
34 : [] 
35 : [] 
36 : [0, 5, 6, 7, 8, 12, 21, 36, 50, 57, 59, 69, 151] 
37 : [] 
38 : [] 
39 : [] 
40 : [] 
41 : [] 
42 : [] 
43 : [52, 58, 83, 103, 132, 140, 184, 185] 
44 : [2, 15, 27, 28, 34, 35, 41, 46, 60, 70, 73, 104, 159, 176, 180, 198] 
45 : [] 
46 : [] 
47 : [] 
48 : [] 
49 : [] 
50 : [] 
51 : [] 
52 : [] 
53 : [] 
54 : [3, 16, 85, 88, 115, 143, 156, 158, 174, 181, 190] 
55 : [] 
56 : [] 
57 : [] 
58 : [1, 48, 160, 188, 196] 
59 : [] 
fitness : 33284 
