Instalações : Clientes 
0 : [] 
1 : [] 
2 : [2, 4, 19, 23, 47, 50, 81, 88, 101, 105, 126, 131, 157, 163, 176, 182, 189, 190, 191] 
3 : [] 
4 : [10, 28, 43, 60, 82, 84, 104, 106, 111, 124, 167, 174, 178, 193] 
5 : [6, 22, 29, 54, 66, 74, 75, 77, 87, 94, 96, 134, 145, 152, 156, 159, 161, 164, 166, 169, 170, 175, 180, 187, 188, 197] 
6 : [35, 42, 55, 59, 69, 72, 86, 97, 113, 121, 127, 132, 140, 144, 183, 195] 
7 : [] 
8 : [] 
9 : [] 
10 : [17, 24, 41, 52, 57, 73, 76, 80, 85, 115, 133, 139, 162, 168, 171, 177, 179, 198] 
11 : [] 
12 : [] 
13 : [12, 13, 16, 37, 44, 46, 63, 64, 95, 109, 119, 136, 137, 154, 158, 160, 185] 
14 : [27, 36, 49, 78, 110, 120, 135, 151, 172, 173, 199] 
15 : [] 
16 : [8, 18, 21, 26, 33, 38, 39, 51, 53, 107, 108, 125, 141, 146, 147, 148, 150, 181] 
17 : [9, 61, 90, 92, 98, 100, 116, 118, 122, 129, 138, 153, 165] 
18 : [0, 3, 7, 14, 15, 25, 40, 58, 62, 70, 79, 83, 89, 103, 117, 149, 196] 
19 : [1, 5, 11, 30, 31, 32, 45, 48, 65, 67, 68, 71, 91, 123, 128, 142, 184, 192] 
20 : [] 
21 : [] 
22 : [] 
23 : [] 
24 : [] 
25 : [] 
26 : [] 
27 : [] 
28 : [20, 34, 56, 93, 99, 102, 112, 114, 130, 143, 155, 186, 194] 
29 : [] 
fitness : 34013 
