Instalações : Clientes 
0 : [0, 1, 2, 3, 4, 5, 6, 7, 8, 9, 10, 11, 12, 13, 14, 15, 17, 67, 72, 73, 74, 76, 77, 78] 
1 : [] 
2 : [] 
3 : [] 
4 : [16, 24, 28, 31, 32, 33, 36, 37, 39, 43, 48, 59, 60, 63, 66, 71, 75, 79] 
5 : [18, 20, 21, 22, 23, 25, 26, 27, 29, 30] 
6 : [] 
7 : [] 
8 : [42, 45, 46, 64] 
9 : [19, 34, 35, 38, 40, 41, 44, 47] 
10 : [] 
11 : [] 
12 : [53, 65] 
13 : [49, 50, 51, 52, 54, 55, 56, 57, 58, 61, 62, 68, 69, 70] 
14 : [] 
15 : [] 
16 : [] 
17 : [] 
18 : [] 
19 : [] 
fitness : 8387 
