Instalações : Clientes 
0 : [0, 34, 49, 52, 54, 60, 67, 83, 84, 85, 86, 90, 92, 101, 102, 104, 107, 112, 113, 130, 139, 140, 148] 
1 : [] 
2 : [3, 4, 11, 13, 35, 39, 41, 45, 47, 56, 71, 121, 134, 143] 
3 : [] 
4 : [6, 14, 51, 70, 87, 106] 
5 : [] 
6 : [] 
7 : [2, 8, 23, 25, 26, 73, 75, 78, 82, 94, 100, 108, 124] 
8 : [] 
9 : [] 
10 : [] 
11 : [5, 9, 12, 15, 16, 17, 19, 20, 21, 27, 36, 40, 53, 61, 63, 64, 72, 81, 93, 96, 103, 111, 116, 118, 119, 120, 128, 131, 132, 147, 149] 
12 : [] 
13 : [] 
14 : [55, 59, 62, 77, 80, 88, 99, 109, 110, 123, 135, 138, 141, 142, 144] 
15 : [] 
16 : [] 
17 : [] 
18 : [] 
19 : [] 
20 : [] 
21 : [] 
22 : [] 
23 : [] 
24 : [] 
25 : [1, 7, 28, 31, 32, 33, 38, 42, 43, 44, 46, 48, 50, 57, 58, 65, 68, 74, 91, 114, 115, 117, 122, 126, 136, 146] 
26 : [] 
27 : [] 
28 : [] 
29 : [10, 18, 22, 24, 29, 30, 37, 66, 69, 76, 79, 89, 95, 97, 98, 105, 125, 127, 129, 133, 137, 145] 
fitness : 22731 
