Instalações : Clientes 
0 : [0, 25, 35, 50, 68, 106, 149, 192, 195] 
1 : [] 
2 : [] 
3 : [5, 27, 39, 52, 56, 57, 58, 66, 82, 84, 85, 129, 130, 135, 146, 154, 163, 166, 173, 183, 189, 190, 196] 
4 : [] 
5 : [] 
6 : [] 
7 : [] 
8 : [7, 8, 11, 12, 14, 24, 32, 34, 40, 64, 65, 67, 88, 89, 90, 94, 110, 124, 128, 131, 142, 144, 167, 176, 178] 
9 : [23, 42, 43, 74, 78, 87, 116, 121, 132, 137, 156, 157, 162, 165, 169, 179, 185] 
10 : [9, 15, 17, 22, 41, 75, 79, 83, 86, 99, 134, 152, 159, 164, 174, 187] 
11 : [2, 6, 18, 19, 30, 46, 51, 55, 80, 104, 109, 112, 117, 118, 133, 177, 184, 198] 
12 : [] 
13 : [] 
14 : [] 
15 : [13, 21, 26, 33, 69, 70, 71, 119, 153, 158, 170, 182, 194] 
16 : [] 
17 : [] 
18 : [10, 31, 47, 49, 62, 95, 125, 161, 172, 175, 188, 193, 197] 
19 : [] 
20 : [] 
21 : [29, 44, 53, 60, 72, 76, 77, 93, 102, 107, 120, 122, 147, 150, 151, 155, 168, 186, 199] 
22 : [] 
23 : [3, 16, 101, 105, 136, 138, 171] 
24 : [] 
25 : [1, 20, 45, 48, 61, 81, 91, 97, 103, 111, 113, 114, 115, 126, 141, 181] 
26 : [92, 100, 127, 139, 143, 191] 
27 : [] 
28 : [4, 28, 36, 37, 38, 54, 59, 63, 73, 96, 98, 108, 123, 140, 145, 148, 160, 180] 
29 : [] 
fitness : 31815 
