Instalações : Clientes 
0 : [] 
1 : [0, 16, 17, 20, 23, 34, 43, 62, 75, 78, 82, 84, 85, 87, 103, 105, 122, 128, 130, 168, 172, 173, 189, 197] 
2 : [] 
3 : [15, 137, 146, 154, 157, 162, 163, 166, 171, 174, 179, 181, 190, 196] 
4 : [] 
5 : [] 
6 : [8, 50, 61, 68, 81, 89, 92, 101, 108, 111, 113, 121, 126, 129, 132, 138, 139, 140, 160, 183] 
7 : [] 
8 : [1, 5, 9, 25, 26, 31, 32, 39, 40, 64, 65, 74, 90, 100, 102, 112, 114, 127, 131, 136, 142, 147, 170, 194] 
9 : [] 
10 : [] 
11 : [2, 18, 30, 33, 46, 51, 67, 69, 80, 94, 95, 107, 109, 117, 119, 124, 133, 182, 184, 198] 
12 : [6, 14, 55, 71] 
13 : [141, 165, 185, 192, 195] 
14 : [] 
15 : [10, 12, 13, 19, 70, 104, 118, 153, 186] 
16 : [21, 29, 58, 66, 77, 79, 88, 99, 116, 125, 152, 193] 
17 : [] 
18 : [11, 22, 27, 41, 44, 47, 49, 57, 60, 72, 86, 93, 134, 135, 151, 156, 159, 161, 164, 169, 175] 
19 : [45, 63, 91, 96, 97, 115, 143, 145, 180, 191] 
20 : [] 
21 : [53, 56, 76, 83, 110, 120, 150, 155, 158, 177, 187, 188, 199] 
22 : [] 
23 : [] 
24 : [] 
25 : [] 
26 : [] 
27 : [] 
28 : [3, 4, 7, 24, 28, 35, 36, 37, 38, 42, 48, 52, 54, 59, 73, 98, 106, 123, 144, 148, 149, 167, 176, 178] 
29 : [] 
fitness : 30751 
