Instalações : Clientes 
0 : [12, 16, 23, 27, 45, 46, 66, 86, 91, 94, 99, 110, 123, 128, 133, 148, 152, 155, 176, 189, 193, 199] 
1 : [18, 21, 25, 28, 34, 38, 56, 57, 88, 113, 126, 136, 162] 
2 : [19, 32, 33, 39, 53, 55, 58, 61, 78, 79, 81, 85, 92, 100, 103, 108, 122, 127, 134, 143, 161, 165, 173] 
3 : [0, 3, 4, 5, 8, 9, 11, 29, 47, 60, 76, 77, 80, 87, 95, 102, 104, 105, 107, 164, 167, 169, 180, 181, 190, 191] 
4 : [30, 44, 64, 170, 172, 174, 175, 186, 194] 
5 : [] 
6 : [] 
7 : [20, 48, 50, 68, 70, 116, 188] 
8 : [] 
9 : [] 
10 : [7, 31, 40, 43, 51, 59, 63, 65, 115, 118, 120, 144, 163, 168, 187] 
11 : [6, 10, 17, 22, 26, 35, 36, 71, 89, 96, 97, 106, 121, 124, 129, 146, 147, 157, 158, 166, 178] 
12 : [72, 75, 98, 119, 132, 138, 139, 140, 154, 192, 196] 
13 : [] 
14 : [] 
15 : [] 
16 : [] 
17 : [41, 117, 145, 151, 160, 183, 184, 185] 
18 : [1, 37, 54, 73, 82, 84, 93, 109, 137, 141] 
19 : [] 
20 : [] 
21 : [] 
22 : [] 
23 : [2, 13, 24, 62, 74, 90, 101, 112, 114, 125, 135, 153, 171, 195] 
24 : [] 
25 : [] 
26 : [14, 52, 67, 83, 111, 130, 159, 177] 
27 : [] 
28 : [] 
29 : [15, 42, 49, 69, 131, 142, 149, 150, 156, 179, 182, 197, 198] 
fitness : 31649 
