Instalações : Clientes 
0 : [0, 26, 29, 38, 47, 50, 51, 79, 94, 98, 105, 107, 126, 145, 146, 148, 153, 156, 163, 169, 175, 176, 190, 197] 
1 : [] 
2 : [] 
3 : [] 
4 : [10, 28, 45, 60, 84, 106, 111, 167, 174, 178, 192, 193] 
5 : [] 
6 : [] 
7 : [] 
8 : [17, 36, 37, 41, 44, 54, 57, 63, 64, 73, 76, 78, 82, 109, 115, 118, 119, 120, 124, 135, 137, 158, 168, 170, 185, 198] 
9 : [] 
10 : [] 
11 : [19, 20, 21, 23, 25, 33, 34, 40, 56, 58, 62, 65, 70, 92, 93, 99, 103, 117, 121, 130, 132, 142, 151, 155, 183, 194, 196] 
12 : [6, 15, 18, 35, 55, 59, 69, 71, 83, 89, 96, 102, 113, 114, 127, 140, 143, 144, 149, 184, 195] 
13 : [4, 12, 13, 16, 24, 66, 85, 95, 133, 136, 154, 159, 160, 162, 181] 
14 : [3, 8, 9, 11, 27, 49, 61, 67, 81, 116, 128, 129, 139, 171, 172, 173, 177, 179, 187, 188, 199] 
15 : [] 
16 : [] 
17 : [] 
18 : [] 
19 : [1, 5, 7, 14, 30, 31, 32, 42, 43, 48, 68, 72, 86, 91, 97, 100, 104, 110, 122, 123, 138] 
20 : [] 
21 : [] 
22 : [] 
23 : [2, 22, 39, 46, 74, 75, 77, 80, 87, 101, 134, 152, 164, 166, 180] 
24 : [52, 53, 88, 108, 112, 125, 131, 141, 147, 150, 157, 182, 189, 191] 
25 : [] 
26 : [] 
27 : [] 
28 : [90, 161, 165, 186] 
29 : [] 
fitness : 34835 
