Instalações : Clientes 
0 : [1, 7, 9, 14, 19, 24, 35, 56, 61, 81, 96, 98, 100, 116, 118, 129, 130, 151, 152, 153, 155, 186, 187, 188, 199] 
1 : [] 
2 : [22, 66, 74, 87, 94, 105, 126, 134, 145, 163, 170, 175, 180, 189, 190, 197] 
3 : [] 
4 : [] 
5 : [] 
6 : [83, 102, 106, 113, 123, 127, 144, 149, 192, 193, 194, 195] 
7 : [] 
8 : [] 
9 : [] 
10 : [36, 37, 44, 46, 49, 54, 63, 78, 80, 85, 115, 133, 162, 171, 177, 179, 185, 198] 
11 : [] 
12 : [] 
13 : [12, 13, 16, 64, 75, 76, 95, 109, 119, 136, 137, 154, 158, 159, 160, 168] 
14 : [] 
15 : [] 
16 : [] 
17 : [10, 11, 17, 27, 31, 48, 67, 90, 110, 122, 139, 142, 172, 173, 183, 184] 
18 : [] 
19 : [] 
20 : [] 
21 : [2, 4, 6, 21, 29, 33, 39, 47, 52, 53, 77, 101, 108, 125, 141, 146, 147, 156, 157, 166, 169, 181, 182, 191] 
22 : [] 
23 : [] 
24 : [3, 8, 18, 23, 26, 34, 38, 50, 51, 58, 79, 107, 131, 150, 161, 164, 176] 
25 : [] 
26 : [28, 32, 41, 43, 45, 57, 60, 73, 82, 86, 91, 104, 111, 120, 124, 128, 135, 167, 174, 178] 
27 : [15, 20, 25, 40, 42, 55, 59, 62, 65, 70, 72, 84, 88, 89, 103, 112, 117, 121, 148, 165, 196] 
28 : [0, 5, 30, 68, 69, 71, 92, 93, 97, 99, 114, 132, 138, 140, 143] 
29 : [] 
fitness : 36101 
