Instalações : Clientes 
0 : [190, 191, 192, 194, 198] 
1 : [] 
2 : [] 
3 : [39, 55, 80, 130, 149, 151, 171, 197] 
4 : [3, 4, 10, 11, 12, 29, 31, 32, 48, 52, 54, 61, 63, 67, 69, 71, 73, 83, 85, 99, 104, 109, 111, 112, 119, 135, 146, 148, 154, 167, 187, 193] 
5 : [] 
6 : [] 
7 : [] 
8 : [] 
9 : [] 
10 : [] 
11 : [] 
12 : [20, 25, 30, 41, 70, 101, 110, 129, 155, 156, 160, 161, 162, 170, 174, 181] 
13 : [23, 24, 26, 27, 33, 44, 45, 59, 77, 82, 94, 103, 108, 114, 115, 121, 125, 140, 157, 176, 177] 
14 : [] 
15 : [1, 35, 36, 46, 56, 81, 88, 91, 96, 100, 107, 126, 127, 139, 184, 186, 188] 
16 : [98, 116, 117, 137, 150, 175, 180] 
17 : [] 
18 : [0, 6, 8, 19, 22, 37, 53, 76, 78, 93, 106, 118, 128, 132, 143, 163, 173, 183, 199] 
19 : [] 
20 : [] 
21 : [14, 42, 58, 62, 95, 97, 131, 144, 145, 166, 179, 185, 189] 
22 : [] 
23 : [92, 178, 182] 
24 : [] 
25 : [] 
26 : [2, 7, 9, 13, 15, 16, 17, 18, 21, 28, 34, 40, 43, 64, 66, 75, 79, 86, 87, 123, 124, 134, 138, 141, 142, 147, 152, 169, 195] 
27 : [] 
28 : [38, 47, 49, 50, 51, 57, 89, 90, 113, 122, 133, 158, 159, 164, 165, 168] 
29 : [5, 60, 65, 68, 72, 74, 84, 102, 105, 120, 136, 153, 172, 196] 
fitness : 31871 
