Instalações : Clientes 
0 : [8] 
1 : [] 
2 : [3, 181, 182, 189, 191] 
3 : [] 
4 : [] 
5 : [] 
6 : [69, 71, 72, 91, 97, 113, 114, 127, 155, 183, 184, 195] 
7 : [] 
8 : [] 
9 : [0, 4, 6, 27, 31, 37, 41, 44, 48, 57, 63, 73, 104, 110, 119, 120, 123, 124, 128, 135, 172, 174, 185] 
10 : [24, 29, 39, 51, 66, 74, 79, 85, 94, 101, 139, 145, 153, 161, 162, 173, 179, 188, 198] 
11 : [9, 10, 50, 65, 70, 83, 89, 92, 93, 96, 102, 103, 112, 117, 121, 132, 140, 142, 143, 144, 148, 149, 175, 194, 196] 
12 : [] 
13 : [13, 16, 21, 22, 46, 75, 95, 98, 115, 125, 134, 136, 137, 158, 159, 160, 166, 168, 170] 
14 : [11, 30, 33, 40, 45, 47, 49, 52, 56, 58, 59, 67, 80, 82, 90, 100, 105, 118, 122, 141, 163, 192] 
15 : [] 
16 : [] 
17 : [] 
18 : [] 
19 : [] 
20 : [2, 5, 12, 17, 36, 38, 54, 64, 76, 78, 109, 129, 133, 151, 152, 154, 171, 176, 177] 
21 : [] 
22 : [] 
23 : [18, 23, 26, 53, 61, 77, 81, 87, 126, 131, 147, 150, 156, 157, 164, 180, 187, 190, 197] 
24 : [] 
25 : [] 
26 : [] 
27 : [] 
28 : [7, 14, 15, 19, 20, 25, 28, 34, 42, 55, 62, 68, 88, 99, 107, 116, 130, 138, 146, 165, 169, 186] 
29 : [1, 32, 35, 43, 60, 84, 86, 106, 108, 111, 167, 178, 193, 199] 
fitness : 37369 
