Instalações : Clientes 
0 : [0, 52, 79, 86, 94, 98, 126, 143, 171, 188] 
1 : [75, 196] 
2 : [7, 22, 24, 27, 40, 47, 74, 89, 110, 117, 132, 172, 186] 
3 : [3, 9, 16, 20, 30, 46, 56, 62, 77, 82, 95, 102, 104, 105, 122, 131, 141, 148, 151, 173, 195] 
4 : [] 
5 : [] 
6 : [] 
7 : [] 
8 : [] 
9 : [] 
10 : [] 
11 : [1, 6, 13, 28, 35, 42, 45, 51, 60, 61, 64, 65, 88, 92, 103, 108, 114, 125, 140, 159, 183, 191, 192] 
12 : [] 
13 : [10, 11, 12, 17, 19, 38, 44, 87, 91, 109, 124, 133, 156, 167, 185, 187] 
14 : [] 
15 : [8, 14, 15, 26, 55, 85, 119, 121, 155, 163, 174, 175, 182, 197, 199] 
16 : [] 
17 : [2, 36, 58, 73, 90, 96, 97, 99, 113, 118, 129, 130, 134, 154, 193] 
18 : [] 
19 : [] 
20 : [] 
21 : [25, 63, 70, 81, 100, 101, 106, 139, 146, 150, 166, 177, 189] 
22 : [] 
23 : [] 
24 : [23, 29, 39, 43, 80, 116, 128, 190] 
25 : [] 
26 : [4, 5, 21, 31, 37, 50, 54, 57, 67, 111, 112, 115, 123, 137, 138, 144, 152, 160, 161, 165, 169, 176, 184] 
27 : [18, 48, 59, 69, 72, 76, 83, 136, 145, 147, 162, 164, 168, 178, 198] 
28 : [41, 49, 66, 68, 78, 93, 107, 120, 142, 153, 158, 181, 194] 
29 : [32, 33, 34, 53, 71, 84, 127, 135, 149, 157, 170, 179, 180] 
fitness : 34643 
