Instalações : Clientes 
0 : [23, 33, 52, 53, 61, 81, 94, 98, 105, 122, 125, 129, 146, 147, 150, 153, 161, 163, 176, 180, 188, 191] 
1 : [] 
2 : [2, 4, 6, 29, 38, 39, 47, 87, 101, 126, 131, 156, 157, 169, 175, 181, 189, 190] 
3 : [] 
4 : [] 
5 : [] 
6 : [] 
7 : [] 
8 : [] 
9 : [] 
10 : [12, 16, 17, 24, 36, 46, 64, 80, 85, 109, 133, 158, 159, 162, 164, 168, 177, 187, 198] 
11 : [] 
12 : [56, 71, 83, 89, 92, 93, 97, 102, 113, 114, 117, 121, 132, 140, 144, 149, 184, 194, 195, 196] 
13 : [13, 137] 
14 : [1, 19, 30, 45, 48, 49, 54, 67, 68, 77, 78, 119, 171, 172, 173, 179] 
15 : [] 
16 : [] 
17 : [5, 7, 11, 20, 21, 27, 90, 96, 118, 139, 151, 155, 182, 186] 
18 : [] 
19 : [] 
20 : [] 
21 : [] 
22 : [] 
23 : [22, 66, 74, 75, 76, 95, 134, 136, 145, 152, 160, 166, 170, 197] 
24 : [] 
25 : [] 
26 : [10, 31, 37, 43, 44, 57, 63, 73, 82, 86, 106, 110, 115, 120, 123, 124, 128, 135, 154, 174, 183, 185, 199] 
27 : [0, 18, 25, 26, 34, 40, 42, 50, 51, 58, 59, 62, 65, 70, 79, 88, 107, 108, 112, 141, 148, 165] 
28 : [3, 8, 9, 14, 15, 35, 99, 100, 103, 116, 127, 130, 138, 142, 143] 
29 : [28, 32, 41, 55, 60, 69, 72, 84, 91, 104, 111, 167, 178, 192, 193] 
fitness : 43309 
