Instalações : Clientes 
0 : [0, 25, 33, 37, 38, 44, 45, 53, 64, 78, 82, 85, 86, 91, 93, 94, 122, 125, 133, 135, 148, 174, 188] 
1 : [28, 72, 88, 119, 139, 140, 152, 162, 186, 192, 195, 199] 
2 : [27, 32, 39, 54, 58, 61, 79, 81, 83, 90, 92, 111, 128, 134, 142, 155, 159, 161, 173, 181, 198] 
3 : [3, 4, 5, 8, 10, 11, 47, 48, 63, 65, 67, 71, 76, 80, 104, 105, 106, 107, 121, 127, 130, 145, 160, 179, 190] 
4 : [] 
5 : [9, 18, 24, 26, 29, 36, 75, 98, 132, 138, 154, 196] 
6 : [] 
7 : [] 
8 : [16, 175] 
9 : [21, 23, 30, 46, 110, 123, 141, 143, 172, 176, 189, 193] 
10 : [1, 13, 14, 22, 40, 43, 69, 95, 102, 120, 131, 144, 149, 157, 167, 168, 187] 
11 : [6, 35, 57, 60, 62, 89, 97, 118, 124, 129, 147, 151, 158, 163, 164, 166, 180, 182, 183, 184, 185] 
12 : [] 
13 : [] 
14 : [] 
15 : [17, 19, 42, 49, 50, 51, 59, 68, 70, 77, 96, 115, 116, 146, 150, 156, 177, 178, 197] 
16 : [2, 12, 34, 56, 66, 73, 84, 99, 100, 109, 126, 136, 137, 170, 194] 
17 : [] 
18 : [] 
19 : [] 
20 : [] 
21 : [] 
22 : [] 
23 : [31, 41, 74, 87, 101, 112, 113, 114, 117, 153, 171, 191] 
24 : [] 
25 : [] 
26 : [7, 15, 20, 52, 55, 103, 108, 165, 169] 
27 : [] 
28 : [] 
29 : [] 
fitness : 31475 
