Instalações : Clientes 
0 : [0, 39, 40, 41, 45, 52, 56, 60, 67, 75, 78, 81, 84, 94, 96, 110, 112, 121, 128, 130, 140, 148] 
1 : [] 
2 : [] 
3 : [] 
4 : [] 
5 : [5, 7, 27, 36, 42, 44, 53, 74, 91, 116, 117, 118, 119, 120, 126, 132, 147, 149] 
6 : [] 
7 : [] 
8 : [] 
9 : [] 
10 : [] 
11 : [1, 3, 13, 15, 19, 21, 23, 28, 31, 32, 51, 61, 64, 65, 72, 73, 86, 87, 99, 100, 103, 106, 107, 111, 113, 114, 146] 
12 : [] 
13 : [] 
14 : [] 
15 : [] 
16 : [] 
17 : [16, 17, 25, 35, 47, 54, 55, 59, 83, 85, 102, 135, 139, 143] 
18 : [] 
19 : [2, 4, 8, 11, 12, 20, 26, 34, 49, 70, 71, 90, 92, 101, 104, 108, 109, 124, 134, 141] 
20 : [9, 62, 77, 80, 82, 88, 123, 138, 142, 144] 
21 : [] 
22 : [] 
23 : [] 
24 : [] 
25 : [] 
26 : [] 
27 : [6, 14, 29, 30, 38, 46, 48, 50, 58, 63, 93, 97, 115, 122, 129, 136, 145] 
28 : [] 
29 : [10, 18, 22, 24, 33, 37, 43, 57, 66, 68, 69, 76, 79, 89, 95, 98, 105, 125, 127, 131, 133, 137] 
fitness : 18578 
