Instalações : Clientes 
0 : [1, 27, 28, 35, 45, 61, 90, 96, 98, 116, 127, 129, 151, 153, 155, 160, 176, 188] 
1 : [] 
2 : [0, 2, 19, 29, 66, 74, 81, 87, 88, 94, 126, 130, 145, 156, 161, 163, 166, 175, 180, 190] 
3 : [] 
4 : [] 
5 : [] 
6 : [] 
7 : [] 
8 : [] 
9 : [10, 37, 41, 43, 49, 57, 60, 63, 73, 78, 82, 84, 95, 104, 120, 123, 124, 128, 135, 136, 167, 174, 178, 185] 
10 : [24, 64, 77, 85, 133, 137, 139, 152, 159, 162, 164, 168, 170, 177, 179, 187, 198] 
11 : [] 
12 : [] 
13 : [] 
14 : [] 
15 : [] 
16 : [] 
17 : [11, 14, 15, 32, 42, 55, 65, 67, 68, 86, 99, 110, 118, 121, 122, 138, 142, 183, 186] 
18 : [] 
19 : [5, 48, 71, 72, 91, 97, 102, 106, 111, 113, 114, 140, 149, 172, 184, 192, 193, 195, 199] 
20 : [12, 13, 16, 17, 36, 44, 46, 54, 75, 76, 80, 100, 109, 115, 119, 134, 154, 158, 171, 173] 
21 : [4, 6, 18, 21, 22, 33, 39, 47, 52, 53, 79, 101, 108, 125, 131, 147, 157, 169, 181, 182, 189, 191, 197] 
22 : [] 
23 : [] 
24 : [3, 7, 8, 9, 20, 23, 25, 26, 30, 31, 38, 50, 51, 59, 105, 107, 141, 146, 150] 
25 : [] 
26 : [] 
27 : [34, 40, 56, 58, 62, 69, 70, 83, 89, 92, 93, 103, 112, 117, 132, 143, 144, 148, 165, 194, 196] 
28 : [] 
29 : [] 
fitness : 43415 
