Instalações : Clientes 
0 : [0, 11, 20, 82, 84, 136, 156, 157, 163, 169, 173, 178, 181] 
1 : [9, 13, 16, 21, 27, 33, 49, 53, 55, 62, 65, 95, 104, 107, 119, 135, 186, 197] 
2 : [] 
3 : [17, 22, 26, 43, 57, 86, 105, 116, 130, 146, 162, 166, 171, 189, 190, 193, 196] 
4 : [] 
5 : [] 
6 : [7, 8, 24, 28, 45, 61, 73, 80, 94, 96, 97, 103, 108, 115, 129, 145, 149, 160] 
7 : [66, 79, 83, 93, 132, 152, 187, 188, 199] 
8 : [10, 18, 19, 29, 37, 40, 64, 69, 90, 102, 110, 112, 133, 144, 168, 170, 177, 182, 184, 194, 198] 
9 : [5, 15, 41, 42, 56, 74, 75, 88, 99, 121, 134, 137, 154, 159, 161, 164, 174, 179] 
10 : [] 
11 : [] 
12 : [] 
13 : [35, 50, 68, 81, 89, 91, 92, 100, 111, 126, 143, 183, 185, 191] 
14 : [] 
15 : [] 
16 : [] 
17 : [] 
18 : [31, 44, 47, 58, 60, 72, 76, 77, 117, 118, 120, 122, 125, 147, 150, 151, 155, 158, 172, 175] 
19 : [] 
20 : [] 
21 : [] 
22 : [] 
23 : [] 
24 : [70, 142, 153] 
25 : [3, 34, 46, 48, 52, 71, 78, 85, 101, 106, 113, 114, 128, 138, 140, 141, 165, 192, 195] 
26 : [23, 25, 87, 127, 139] 
27 : [1, 2, 14, 32, 54, 63, 123, 180] 
28 : [4, 6, 12, 30, 36, 38, 39, 51, 59, 67, 98, 109, 124, 131, 148, 167, 176] 
29 : [] 
fitness : 32344 
