Instalações : Clientes 
0 : [] 
1 : [] 
2 : [0, 13, 17, 27, 32, 42, 45, 49, 75, 85, 98, 132, 133, 155, 178] 
3 : [] 
4 : [] 
5 : [] 
6 : [] 
7 : [] 
8 : [] 
9 : [] 
10 : [] 
11 : [11, 12, 26, 33, 38, 64, 66, 111, 131, 143, 150, 151, 167, 171, 185, 196] 
12 : [] 
13 : [] 
14 : [] 
15 : [40, 70, 71, 92, 100, 110, 116, 117, 120, 121, 122, 134, 140, 165, 181, 191, 197] 
16 : [] 
17 : [] 
18 : [] 
19 : [] 
20 : [28, 52, 56, 60, 83, 112, 124, 129, 137, 166] 
21 : [] 
22 : [] 
23 : [] 
24 : [] 
25 : [16, 25, 34, 41, 48, 62, 67, 68, 72, 80, 90, 94, 95, 109, 123, 125, 144, 174, 183, 186, 192] 
26 : [] 
27 : [] 
28 : [] 
29 : [] 
30 : [] 
31 : [] 
32 : [5, 7, 35, 36, 37, 58, 61, 63, 96, 101, 102, 104, 107, 147, 172, 173, 184] 
33 : [] 
34 : [] 
35 : [] 
36 : [] 
37 : [] 
38 : [] 
39 : [1, 4, 22, 31, 47, 50, 54, 78, 82, 91, 113, 127, 135, 138, 142, 168, 176, 177] 
40 : [] 
41 : [51, 55, 65, 77, 81, 87, 88, 99, 105, 115, 126, 136, 139, 154, 161, 163, 169, 175, 180, 195] 
42 : [] 
43 : [] 
44 : [] 
45 : [] 
46 : [] 
47 : [8, 39, 59, 114, 146, 152, 153, 160, 164, 170, 190, 194] 
48 : [] 
49 : [] 
50 : [29, 69, 73, 97, 106, 108, 119, 128, 157, 179, 199] 
51 : [] 
52 : [19, 23, 43, 44, 53, 57, 76, 84, 86, 89, 130, 162, 182, 187] 
53 : [] 
54 : [2, 9, 21, 24, 30, 79, 141, 148] 
55 : [] 
56 : [] 
57 : [] 
58 : [15, 149, 188] 
59 : [3, 6, 10, 14, 18, 20, 46, 74, 93, 103, 118, 145, 156, 158, 159, 189, 193, 198] 
fitness : 32907 
