Instalações : Clientes 
0 : [] 
1 : [] 
2 : [] 
3 : [] 
4 : [] 
5 : [6, 93, 119, 135, 168] 
6 : [] 
7 : [] 
8 : [] 
9 : [] 
10 : [] 
11 : [7, 12, 35, 66, 83, 85, 98, 143, 150, 155, 171, 173, 182, 189, 196] 
12 : [] 
13 : [] 
14 : [99, 132, 133, 136, 175] 
15 : [2, 9, 16, 70, 74, 78, 80, 94, 100, 117, 120, 122, 134, 152, 165, 181, 186, 192, 194] 
16 : [] 
17 : [26, 31, 38, 50, 75, 126] 
18 : [] 
19 : [8, 22, 45, 51, 107, 112, 128, 130, 149, 188] 
20 : [37, 53, 56, 58, 84, 104, 109, 129, 145, 162, 166, 184, 187] 
21 : [24, 25, 34, 44, 57, 61, 62, 68, 71, 102, 123, 125, 144, 147, 191] 
22 : [] 
23 : [] 
24 : [] 
25 : [] 
26 : [] 
27 : [32, 39, 55, 67, 73, 81, 82, 97, 139, 169, 170, 179, 180, 195] 
28 : [] 
29 : [] 
30 : [] 
31 : [] 
32 : [] 
33 : [] 
34 : [15, 20, 52, 64, 76, 79, 90, 103, 124, 140, 148, 159, 174] 
35 : [] 
36 : [] 
37 : [] 
38 : [] 
39 : [3, 27, 29, 30, 33, 46, 47, 91, 108, 111, 113, 114, 118, 127, 131, 138, 141, 156, 157, 161, 176, 177] 
40 : [0, 14, 17, 36, 42, 63, 86, 96, 101, 151, 178, 183, 185, 193] 
41 : [] 
42 : [23, 41, 43, 48, 95, 116, 172, 197] 
43 : [] 
44 : [] 
45 : [13, 72, 89, 92, 110, 198] 
46 : [] 
47 : [] 
48 : [] 
49 : [] 
50 : [] 
51 : [] 
52 : [] 
53 : [] 
54 : [] 
55 : [] 
56 : [] 
57 : [1, 18, 40, 59, 65, 69, 77, 87, 106, 121, 146, 153, 154, 160, 163, 164, 190, 199] 
58 : [] 
59 : [4, 5, 10, 11, 19, 21, 28, 49, 54, 60, 88, 105, 115, 137, 142, 158, 167] 
fitness : 33282 
