Instalações : Clientes 
0 : [154] 
1 : [] 
2 : [] 
3 : [] 
4 : [4, 9, 10, 12, 22, 23, 25, 26, 29, 33, 35, 37, 38, 41, 44, 52, 58, 60, 63, 67, 71, 73, 82, 83, 85, 87, 90, 91, 96, 103, 104, 106, 111, 116, 117, 130, 133, 150, 158, 173, 176, 177, 178, 190, 199] 
5 : [] 
6 : [20, 65, 68, 102, 110, 136, 153, 156, 161, 196] 
7 : [] 
8 : [13, 18, 28, 34, 36, 46, 56, 57, 66, 75, 79, 88, 107, 124, 127, 138, 139, 145, 152, 169, 187, 195] 
9 : [2, 11, 15, 17, 42, 62, 70, 95, 112, 147, 155, 160, 162, 181, 189, 197] 
10 : [] 
11 : [] 
12 : [14, 16, 21, 27, 30, 32, 39, 45, 48, 49, 50, 51, 54, 55, 59, 61, 64, 76, 78, 86, 93, 94, 108, 113, 114, 115, 118, 121, 123, 129, 137, 140, 149, 151] 
13 : [3, 5, 6, 24, 47, 72, 122, 125, 128, 132, 143, 159, 171, 180] 
14 : [] 
15 : [92, 98, 99, 100, 109, 119, 126, 135, 146, 148, 167, 179, 182, 183, 186, 188, 191, 192, 193, 194, 198] 
16 : [] 
17 : [] 
18 : [0] 
19 : [] 
20 : [184] 
21 : [1, 7, 8, 40, 43, 53, 69, 80, 81, 89, 97, 134, 141, 142, 144, 163, 166, 170, 185] 
22 : [19] 
23 : [] 
24 : [] 
25 : [31, 131, 174, 175] 
26 : [] 
27 : [] 
28 : [] 
29 : [74, 77, 84, 101, 105, 120, 157, 164, 165, 168, 172] 
fitness : 32260 
