Instalações : Clientes 
0 : [] 
1 : [0, 60] 
2 : [27, 47, 48, 61, 64, 74, 84, 132, 136, 139, 179, 186, 192] 
3 : [] 
4 : [] 
5 : [] 
6 : [] 
7 : [1, 13, 16, 19, 20, 38, 41, 52, 53, 78, 83, 87, 120, 124, 133, 144, 156, 187, 194, 197] 
8 : [28, 43, 69, 161, 178, 190] 
9 : [33, 34, 62, 77, 95, 102, 103, 122, 127, 141, 149, 170, 180] 
10 : [5, 24, 25, 40, 44, 67, 79, 82, 86, 88, 94, 98, 108, 110, 117, 191] 
11 : [35, 42, 45, 46, 49, 65, 68, 71, 104, 125, 135, 148, 151, 157, 158, 159, 181, 183, 195] 
12 : [] 
13 : [] 
14 : [] 
15 : [6, 8, 9, 10, 11, 32, 54, 66, 72, 76, 85, 91, 92, 155, 163, 168, 174, 182, 185, 198] 
16 : [] 
17 : [2, 12, 15, 18, 21, 36, 97, 113, 123, 134, 152, 175, 184] 
18 : [] 
19 : [] 
20 : [] 
21 : [4, 58, 70, 90, 99, 111, 116, 128, 129, 138, 150, 154, 160, 177, 193] 
22 : [] 
23 : [3, 30, 31, 51, 56, 59, 75, 81, 89, 101, 105, 109, 118, 126, 131, 140, 171, 172, 173, 176, 188] 
24 : [14, 23, 29, 55, 63, 73, 80, 96, 130] 
25 : [] 
26 : [7, 22, 26, 37, 39, 50, 57, 100, 106, 107, 112, 115, 137, 143, 146, 147, 165, 166, 169, 189, 199] 
27 : [17, 93, 114, 119, 121, 142, 145, 153, 162, 164, 167, 196] 
28 : [] 
29 : [] 
fitness : 32808 
