Instalações : Clientes 
0 : [] 
1 : [] 
2 : [27, 32, 40, 47, 64, 74, 84, 86, 100, 118, 137, 143, 171, 173, 179, 186, 196] 
3 : [1, 9, 16, 28, 34, 51, 52, 62, 77, 79, 94, 95, 102, 107, 127, 135, 141, 151, 170, 180, 195] 
4 : [] 
5 : [3, 7, 67, 81, 108, 126, 131, 139] 
6 : [] 
7 : [0, 6, 8, 20, 33, 72, 83, 85, 87, 120, 133, 142, 144, 167, 197] 
8 : [2, 12, 17, 112, 152, 190] 
9 : [] 
10 : [] 
11 : [19, 35, 42, 46, 60, 65, 71, 78, 103, 104, 105, 122, 148, 149, 157, 158, 159, 183, 185] 
12 : [25] 
13 : [41, 49, 53, 66, 68, 91, 93, 114, 124, 125, 153, 156, 194] 
14 : [5, 56, 61, 88] 
15 : [10, 11, 13, 14, 15, 39, 54, 55, 69, 76, 92, 155, 163, 164, 168, 174, 175, 198] 
16 : [] 
17 : [] 
18 : [] 
19 : [] 
20 : [] 
21 : [29, 36, 58, 70, 90, 99, 111, 113, 116, 134, 150, 154, 160, 177, 193] 
22 : [] 
23 : [22, 24, 30, 44, 57, 59, 75, 82, 89, 98, 101, 110, 117, 140, 172, 188, 191] 
24 : [23, 63, 73, 80, 96, 97, 128, 145] 
25 : [] 
26 : [4, 26, 31, 37, 43, 50, 106, 115, 123, 129, 130, 132, 138, 146, 147, 161, 165, 166, 169, 176, 182, 184, 187, 189] 
27 : [18, 21, 38, 45, 48, 109, 119, 121, 136, 162, 178, 181, 192, 199] 
28 : [] 
29 : [] 
fitness : 32966 
