Instalações : Clientes 
0 : [] 
1 : [0, 16, 34, 39, 49, 52, 57, 58, 65, 84, 95, 102, 105, 110, 130, 135, 136, 142, 146, 159, 175] 
2 : [] 
3 : [] 
4 : [35, 45, 89, 97, 115, 126, 143, 191] 
5 : [] 
6 : [2, 7, 8, 20, 25, 48, 61, 81, 91, 101, 103, 111, 129, 138, 149] 
7 : [15, 41, 83, 132, 174, 187, 188] 
8 : [12, 14, 32, 40, 62, 64, 90, 107, 108, 112, 124, 131, 147, 170, 172, 178, 197] 
9 : [] 
10 : [9, 17, 42, 60, 74, 78, 79, 86, 87, 99, 134, 137, 152, 154, 162, 163, 164, 189, 196] 
11 : [10, 19, 30, 33, 46, 51, 55, 67, 69, 71, 77, 80, 109, 119, 133, 182, 184] 
12 : [] 
13 : [] 
14 : [] 
15 : [1, 13, 18, 70, 104, 117, 118, 153, 155, 186] 
16 : [] 
17 : [] 
18 : [] 
19 : [] 
20 : [] 
21 : [3, 5, 22, 26, 27, 31, 44, 53, 72, 76, 88, 120, 122, 128, 150, 151, 156, 158, 161, 168, 177, 199] 
22 : [] 
23 : [23, 43, 75, 165, 179, 190] 
24 : [] 
25 : [24, 37, 50, 56, 66, 68, 82, 85, 96, 100, 113, 114, 121, 140, 141, 157, 166, 171, 173, 183, 185, 195] 
26 : [92, 106, 127, 139, 169, 181, 192] 
27 : [] 
28 : [4, 6, 11, 28, 36, 38, 54, 59, 63, 73, 94, 98, 123, 144, 145, 148, 160, 167, 176, 180, 198] 
29 : [21, 29, 47, 93, 116, 125, 193, 194] 
fitness : 31691 
