Instalações : Clientes 
0 : [7, 9, 50, 61, 79, 83, 93, 96, 98, 112, 116, 122, 126, 141, 143, 151, 153, 161, 163, 176, 188] 
1 : [] 
2 : [2, 6, 23, 29, 33, 39, 47, 87, 94, 101, 105, 107, 131, 157, 169, 175, 181, 182, 190] 
3 : [] 
4 : [28, 30, 31, 32, 35, 60, 84, 86, 104, 106, 111, 167, 178, 192, 193] 
5 : [4, 13, 22, 52, 53, 66, 75, 77, 80, 81, 125, 134, 139, 145, 152, 156, 166, 170, 180, 187, 189, 191, 197, 198] 
6 : [1, 5, 10, 14, 42, 55, 68, 69, 72, 102, 140, 144, 183, 195] 
7 : [] 
8 : [12, 36, 41, 44, 49, 57, 63, 73, 76, 78, 82, 95, 119, 120, 135, 136, 137, 154, 158, 159, 168, 174, 185] 
9 : [] 
10 : [16, 17, 24, 37, 46, 54, 64, 74, 85, 109, 115, 118, 129, 133, 160, 162, 164, 171, 177, 179] 
11 : [] 
12 : [] 
13 : [] 
14 : [11, 27, 43, 45, 48, 67, 91, 100, 110, 113, 123, 124, 128, 149, 172, 173, 184, 199] 
15 : [] 
16 : [] 
17 : [] 
18 : [0, 8, 40, 62, 70, 89, 194, 196] 
19 : [] 
20 : [] 
21 : [] 
22 : [] 
23 : [] 
24 : [] 
25 : [] 
26 : [] 
27 : [3, 15, 18, 19, 20, 21, 25, 26, 34, 38, 51, 56, 58, 59, 88, 92, 103, 108, 121, 130, 146, 147, 148, 150, 165] 
28 : [65, 71, 90, 97, 99, 114, 117, 127, 132, 138, 142, 155, 186] 
29 : [] 
fitness : 37036 
