Instalações : Clientes 
0 : [11, 52, 55, 56, 60, 62, 67, 73, 75, 77, 80, 83, 85, 86, 88, 90, 92, 96, 102, 104, 108, 110, 112, 130, 135, 138, 139, 140, 141, 142, 148] 
1 : [] 
2 : [] 
3 : [] 
4 : [2, 6, 12, 14, 20, 23, 30, 32, 43, 46, 51, 54, 57, 71, 78, 82, 87, 99, 100, 106, 111, 121, 125, 134, 136] 
5 : [] 
6 : [] 
7 : [] 
8 : [] 
9 : [] 
10 : [] 
11 : [0, 3, 4, 8, 9, 13, 15, 16, 17, 19, 21, 25, 26, 29, 34, 35, 39, 40, 41, 45, 47, 49, 53, 58, 64, 65, 81, 84, 101, 103, 107, 113, 114, 115, 120, 123, 124, 131, 143, 147] 
12 : [] 
13 : [] 
14 : [59] 
15 : [] 
16 : [] 
17 : [] 
18 : [] 
19 : [] 
20 : [] 
21 : [] 
22 : [] 
23 : [] 
24 : [7, 27, 28, 36, 37, 38, 42, 44, 61, 66, 69, 74, 76, 79, 89, 91, 95, 97, 98, 116, 117, 118, 119, 127, 132, 149] 
25 : [1, 5, 10, 18, 22, 24, 31, 33, 48, 50, 63, 68, 70, 72, 93, 94, 105, 109, 122, 126, 128, 129, 133, 137, 144, 145, 146] 
26 : [] 
27 : [] 
28 : [] 
29 : [] 
fitness : 20071 
