Instalações : Clientes 
0 : [] 
1 : [] 
2 : [] 
3 : [] 
4 : [11, 93, 114, 119, 144, 145, 174, 175, 181, 185] 
5 : [] 
6 : [] 
7 : [0, 2, 7, 8, 10, 38, 72, 76, 83, 87, 92, 120, 133, 156, 163, 168] 
8 : [] 
9 : [1, 9, 42, 46, 77, 88, 95, 102, 122, 127, 135, 141, 149] 
10 : [] 
11 : [20, 34, 35, 41, 51, 60, 62, 65, 68, 103, 104, 125, 136, 148, 157, 159, 183, 187, 192, 195] 
12 : [3, 5, 50] 
13 : [] 
14 : [] 
15 : [] 
16 : [24, 25, 30, 32, 40, 44, 52, 57, 75, 79, 81, 82, 86, 94, 101, 117, 118, 126, 191] 
17 : [4, 54, 55, 58, 59, 73, 90, 113, 134, 150, 152, 190, 198] 
18 : [] 
19 : [16, 33, 180] 
20 : [] 
21 : [36, 70, 96, 97, 106, 111, 129, 130, 137, 138, 146, 160, 177, 193] 
22 : [6, 14, 71, 74, 98, 105, 132, 151] 
23 : [22, 27, 31, 37, 47, 48, 64, 67, 84, 89, 99, 108, 110, 131, 140, 143, 170, 171, 172, 179, 188] 
24 : [23, 26, 63, 69, 80, 123, 128, 199] 
25 : [] 
26 : [18, 29, 43, 100, 107, 109, 115, 116, 139, 147, 154, 161, 165, 166, 169, 176, 184, 186, 189, 196] 
27 : [12, 13, 17, 19, 21, 39, 56, 61, 78, 85, 112, 121, 155, 162, 173, 182, 194, 197] 
28 : [15, 28, 45, 49, 53, 66, 91, 124, 142, 153, 158, 164, 167, 178] 
29 : [] 
fitness : 34028 
