Instalações : Clientes 
0 : [67, 125, 130, 140] 
1 : [] 
2 : [16, 21, 26, 56, 59, 92, 104, 111, 112, 131, 135, 148] 
3 : [] 
4 : [] 
5 : [7, 27, 36, 37, 42, 44, 53, 61, 68, 74, 91, 95, 116, 118, 119, 120, 147, 149] 
6 : [] 
7 : [] 
8 : [] 
9 : [] 
10 : [] 
11 : [3, 14, 19, 28, 40, 60, 64, 65, 73, 81, 83, 84, 86, 90, 94, 101, 102, 110, 113, 126, 129, 133, 139] 
12 : [] 
13 : [] 
14 : [8] 
15 : [] 
16 : [] 
17 : [17] 
18 : [] 
19 : [] 
20 : [0, 2, 4, 5, 11, 13, 25, 34, 35, 39, 41, 47, 52, 54, 55, 62, 71, 77, 80, 85, 88, 96, 99, 108, 123, 124, 138, 142, 143, 144] 
21 : [] 
22 : [] 
23 : [] 
24 : [117] 
25 : [1, 18, 22, 23, 29, 31, 38, 46, 57, 66, 69, 72, 76, 79, 87, 93, 103, 105, 107, 114, 122, 127, 132, 137, 145, 146] 
26 : [] 
27 : [6, 10, 24, 30, 33, 48, 50, 58, 63, 89, 98, 106, 115, 128, 136] 
28 : [9, 12, 15, 20, 32, 43, 45, 49, 51, 70, 75, 78, 82, 97, 100, 109, 121, 134, 141] 
29 : [] 
fitness : 14267 
