Instalações : Clientes 
0 : [] 
1 : [] 
2 : [9, 11, 12, 13, 14, 16, 17, 18, 19, 21, 22, 23, 24, 25, 26, 27, 28, 29, 31, 33, 35, 36, 40] 
3 : [] 
4 : [] 
5 : [] 
6 : [] 
7 : [43, 44, 45, 46, 50, 52, 53, 54, 55, 56, 57, 58, 59, 60, 61, 62, 63, 65, 66, 67, 68, 71] 
8 : [] 
9 : [] 
10 : [] 
11 : [] 
12 : [] 
13 : [72, 75, 76, 77, 78, 79, 80, 81, 82, 83, 84, 85, 86, 88, 89] 
14 : [37, 38, 39, 47, 48, 49, 51] 
15 : [] 
16 : [0, 1, 2, 3, 4, 5, 6, 7, 8, 10, 15, 20, 30, 32, 34, 73, 74] 
17 : [] 
18 : [41, 42, 64, 69, 70, 87, 90, 91, 92, 93, 94, 95, 96, 97, 98, 99] 
19 : [] 
fitness : 8750 
