Instalações : Clientes 
0 : [9, 13, 25, 35, 39, 56, 60, 64, 67, 71, 75, 81, 83, 85, 90, 96, 100, 101, 108, 112, 130, 139, 140, 148] 
1 : [] 
2 : [3, 4, 11, 15, 16, 41, 45, 47, 49, 52, 109, 121, 123, 134] 
3 : [] 
4 : [] 
5 : [5, 18, 24, 31, 33, 48, 53, 72, 105, 114, 118, 120, 126, 129, 137, 147, 149] 
6 : [] 
7 : [] 
8 : [] 
9 : [] 
10 : [] 
11 : [0, 1, 8, 12, 17, 19, 20, 23, 26, 34, 40, 54, 65, 70, 73, 84, 87, 92, 93, 94, 103, 104, 107, 113, 128, 136, 141, 146] 
12 : [] 
13 : [] 
14 : [55, 59, 62, 77, 80, 82, 86, 88, 102, 110, 124, 135, 138, 142, 143, 144] 
15 : [] 
16 : [] 
17 : [] 
18 : [] 
19 : [] 
20 : [] 
21 : [] 
22 : [] 
23 : [] 
24 : [7, 10, 22, 27, 29, 36, 37, 42, 43, 44, 50, 57, 61, 66, 68, 69, 74, 76, 78, 79, 91, 95, 99, 116, 117, 119, 127, 132] 
25 : [] 
26 : [] 
27 : [] 
28 : [] 
29 : [2, 6, 14, 21, 28, 30, 32, 38, 46, 51, 58, 63, 89, 97, 98, 106, 111, 115, 122, 125, 131, 133, 145] 
fitness : 20676 
