Instalações : Clientes 
0 : [9, 16, 19, 22, 23, 29, 33, 39, 47, 61, 75, 77, 87, 105, 122, 145, 150, 153, 169, 176, 182, 188] 
1 : [] 
2 : [4, 6, 53, 66, 94, 101, 126, 131, 147, 156, 157, 166, 175, 180, 181, 190, 191, 197] 
3 : [] 
4 : [1, 10, 28, 32, 43, 63, 84, 86, 104, 106, 111, 123, 124, 178, 183, 192, 193] 
5 : [] 
6 : [] 
7 : [] 
8 : [] 
9 : [36, 37, 41, 46, 54, 57, 60, 64, 73, 76, 78, 82, 85, 89, 91, 95, 115, 119, 128, 135, 136, 154, 158, 167, 171, 174, 185] 
10 : [11, 12, 13, 17, 21, 24, 74, 80, 98, 109, 116, 133, 134, 159, 160, 164, 168, 170, 187, 198] 
11 : [] 
12 : [92, 97, 102, 113, 114, 121, 130, 132, 140, 142, 143, 144, 149, 155, 184, 186, 194, 195, 196] 
13 : [] 
14 : [14, 30, 31, 42, 44, 48, 49, 68, 72, 99, 110, 138, 139, 162, 172, 173, 177, 179, 199] 
15 : [] 
16 : [] 
17 : [35, 45, 67, 81, 90, 96, 100, 118, 120, 127, 129, 137, 151, 152] 
18 : [] 
19 : [] 
20 : [] 
21 : [] 
22 : [2, 3, 5, 7, 8, 15, 18, 20, 25, 26, 27, 34, 38, 51, 58, 70, 79, 108, 125, 141, 146, 148] 
23 : [] 
24 : [] 
25 : [] 
26 : [] 
27 : [0, 40, 50, 52, 55, 56, 59, 62, 65, 69, 71, 83, 88, 93, 103, 107, 112, 117, 161, 163, 165, 189] 
28 : [] 
29 : [] 
fitness : 42173 
