Instalações : Clientes 
0 : [] 
1 : [] 
2 : [] 
3 : [] 
4 : [] 
5 : [] 
6 : [] 
7 : [] 
8 : [4, 24, 25, 49, 62, 80, 84, 96, 97, 99, 110, 123, 125, 135, 145, 179] 
9 : [] 
10 : [29, 52, 63, 85, 102, 113, 154, 156, 172, 178, 185] 
11 : [] 
12 : [] 
13 : [] 
14 : [] 
15 : [0, 22, 44, 53, 77, 78, 90, 107, 130, 146, 152, 186] 
16 : [3, 7, 10, 13, 58, 60, 70, 79, 88, 100, 112, 115, 116, 136, 143, 155, 189, 190, 198] 
17 : [51, 64, 72, 161, 168, 170] 
18 : [] 
19 : [] 
20 : [34, 39, 43, 46, 56, 65, 68, 71, 103, 109, 120, 153, 157, 165, 177, 184, 194] 
21 : [] 
22 : [] 
23 : [19, 54, 55, 67, 75, 89, 94, 111, 134, 140, 160, 162, 183, 195] 
24 : [] 
25 : [] 
26 : [2, 12, 14, 15, 16, 37, 48, 76, 81, 82, 95, 108, 121, 163, 167, 173, 175] 
27 : [8, 9, 32, 33, 36, 40, 59, 66, 69, 93, 105, 114, 150, 151] 
28 : [1, 5, 6, 18, 38, 73, 128, 131, 139, 147, 148, 164, 193] 
29 : [] 
30 : [] 
31 : [] 
32 : [] 
33 : [74, 86, 87, 91, 118, 126, 149, 171] 
34 : [] 
35 : [] 
36 : [] 
37 : [] 
38 : [31, 41, 181] 
39 : [] 
40 : [] 
41 : [] 
42 : [] 
43 : [] 
44 : [20, 35, 57, 98, 101, 119, 122, 133, 159, 166, 176, 180, 192, 199] 
45 : [] 
46 : [] 
47 : [] 
48 : [] 
49 : [] 
50 : [] 
51 : [] 
52 : [17, 45, 92, 104, 117, 129, 137, 144, 169, 191, 197] 
53 : [] 
54 : [11, 21, 23, 27, 28, 42, 50, 83, 106, 132, 138, 141, 142, 158, 174, 182, 187, 188, 196] 
55 : [26, 30, 47, 61, 127] 
56 : [] 
57 : [124] 
58 : [] 
59 : [] 
fitness : 33045 
