Instalações : Clientes 
0 : [0] 
1 : [20, 21, 44, 50, 75, 101, 111, 125, 140, 145, 147, 170, 172, 181, 183, 198, 199] 
2 : [2, 16, 31, 33, 40, 52, 64, 91, 95, 103, 135, 156, 179, 191, 197] 
3 : [] 
4 : [122, 163, 167] 
5 : [] 
6 : [] 
7 : [] 
8 : [] 
9 : [6, 8, 10, 12, 24, 59, 71, 72, 97, 102, 123, 129, 133, 138, 144, 153, 182] 
10 : [32, 36, 47, 61, 83, 87, 107, 124, 151, 159, 175, 177] 
11 : [13, 22, 70, 194] 
12 : [7, 38, 65, 73, 81, 88, 89, 99, 121, 132, 134, 141, 150, 160, 161, 169, 188] 
13 : [3, 4, 5, 11, 17, 18, 28, 46, 48, 49, 53, 55, 74, 80, 82, 84, 86, 108, 116, 130, 137, 152, 154, 155, 157, 173, 176, 184, 189, 193] 
14 : [67, 78, 85, 92, 94, 128, 136, 164, 165, 174, 180, 187, 196] 
15 : [] 
16 : [] 
17 : [] 
18 : [37, 42, 51, 57, 58, 66, 90, 96, 109, 112, 119, 131, 146, 149, 190] 
19 : [9, 14, 15, 19, 25, 26, 62, 63, 93, 113, 158, 192] 
20 : [] 
21 : [] 
22 : [] 
23 : [] 
24 : [] 
25 : [23, 29, 30, 56, 68, 100, 104, 114, 117, 120, 139, 195] 
26 : [1, 39, 60, 69, 77, 79, 98, 110, 118, 126, 143, 148, 171] 
27 : [] 
28 : [] 
29 : [27, 34, 35, 41, 43, 45, 54, 76, 105, 106, 115, 127, 142, 162, 166, 168, 178, 185, 186] 
fitness : 32202 
