Instalações : Clientes 
0 : [2, 16, 19, 22, 27, 61, 81, 87, 94, 98, 100, 105, 129, 139, 145, 151, 153, 156, 162, 169, 175, 180, 197] 
1 : [] 
2 : [] 
3 : [] 
4 : [] 
5 : [] 
6 : [] 
7 : [] 
8 : [] 
9 : [] 
10 : [] 
11 : [11, 14, 15, 25, 32, 35, 42, 55, 56, 62, 65, 68, 90, 91, 96, 114, 121, 127, 138, 140, 143, 155, 184, 186, 192, 195, 196] 
12 : [] 
13 : [119, 136, 137, 168, 170, 198] 
14 : [] 
15 : [] 
16 : [4, 6, 21, 33, 39, 47, 52, 53, 101, 107, 125, 126, 157, 163, 181, 182, 189] 
17 : [64, 66, 67, 74, 76, 95, 109, 115, 118, 158, 160, 164, 166, 173, 179, 190] 
18 : [0, 3, 7, 8, 9, 20, 29, 34, 40, 50, 58, 70, 103, 188, 194] 
19 : [1, 30, 31, 43, 48, 49, 54, 60, 72, 73, 84, 86, 110, 120, 123, 135, 172, 177, 183, 193, 199] 
20 : [] 
21 : [] 
22 : [] 
23 : [12, 13, 17, 24, 44, 46, 75, 77, 80, 85, 134, 152, 154, 159, 187] 
24 : [] 
25 : [5, 59, 69, 71, 83, 89, 92, 93, 97, 102, 113, 117, 132, 142, 144, 149] 
26 : [10, 28, 36, 37, 41, 45, 57, 63, 78, 82, 104, 106, 111, 124, 128, 133, 167, 171, 174, 178, 185] 
27 : [18, 23, 26, 38, 51, 79, 88, 99, 108, 112, 116, 122, 130, 131, 141, 146, 147, 148, 150, 161, 165, 176, 191] 
28 : [] 
29 : [] 
fitness : 38438 
