Instalações : Clientes 
0 : [] 
1 : [] 
2 : [] 
3 : [] 
4 : [] 
5 : [] 
6 : [] 
7 : [] 
8 : [] 
9 : [] 
10 : [] 
11 : [0, 4, 11, 14, 17, 21, 30, 42, 151, 171, 178] 
12 : [] 
13 : [] 
14 : [] 
15 : [] 
16 : [] 
17 : [] 
18 : [] 
19 : [31, 65, 67, 97, 148, 161, 164, 168, 175, 177, 179, 180] 
20 : [20, 46, 47, 63, 86, 91, 93, 101, 104, 140, 141, 159, 195] 
21 : [2, 13, 34, 44, 68, 69, 71, 92, 94, 107, 110, 116, 123, 124, 165, 181, 190, 192, 197] 
22 : [105, 136, 139, 199] 
23 : [] 
24 : [] 
25 : [15, 16, 25, 48, 57, 61, 62, 70, 74, 76, 102, 103, 109, 112, 130, 144, 147, 149, 183, 198] 
26 : [3, 6, 12, 49, 66, 75, 81, 85, 142, 143, 150, 193, 196] 
27 : [] 
28 : [] 
29 : [] 
30 : [] 
31 : [] 
32 : [7, 23, 35, 36, 41, 43, 56, 78, 80, 83, 84, 90, 95, 145, 173, 174, 184, 187] 
33 : [10, 72] 
34 : [] 
35 : [26, 98, 106, 111, 155] 
36 : [5, 19, 28, 37, 53, 58, 60, 89, 96, 121, 129, 162, 166, 167, 172, 182, 189] 
37 : [] 
38 : [100, 122, 125, 134, 186, 188, 191] 
39 : [33, 52, 82, 88, 108, 115, 119, 126, 127, 128, 132, 133, 135, 138, 153, 157, 158] 
40 : [] 
41 : [] 
42 : [] 
43 : [] 
44 : [] 
45 : [24, 117, 120, 146] 
46 : [] 
47 : [] 
48 : [] 
49 : [] 
50 : [] 
51 : [] 
52 : [] 
53 : [] 
54 : [] 
55 : [] 
56 : [] 
57 : [1, 8, 9, 18, 40, 45, 59, 77, 87, 99, 113, 114, 152, 154, 160, 170, 194] 
58 : [] 
59 : [22, 27, 29, 32, 38, 39, 50, 51, 54, 55, 64, 73, 79, 118, 131, 137, 156, 163, 169, 176, 185] 
fitness : 35017 
