Instalações : Clientes 
0 : [0, 17, 25, 39, 55, 56, 59, 60, 67, 75, 83, 85, 106, 113, 130, 138, 139, 141, 142, 143] 
1 : [] 
2 : [] 
3 : [] 
4 : [] 
5 : [5, 7, 27, 36, 42, 44, 61, 74, 91, 116, 117, 118, 119, 126, 132, 147, 149] 
6 : [] 
7 : [13, 26, 45, 47, 73, 77, 86, 96, 100, 101, 112, 123] 
8 : [] 
9 : [] 
10 : [] 
11 : [2, 6, 9, 12, 16, 19, 34, 40, 53, 54, 62, 64, 71, 72, 81, 82, 87, 90, 92, 94, 103, 120, 128, 134, 136, 140, 144, 148] 
12 : [] 
13 : [] 
14 : [88] 
15 : [] 
16 : [] 
17 : [] 
18 : [] 
19 : [3, 4, 11, 15, 20, 35, 41, 52, 70, 80, 102, 104, 108, 109, 110, 124, 135] 
20 : [] 
21 : [24, 30, 43, 46, 68, 95, 97, 98, 115, 125, 129] 
22 : [] 
23 : [] 
24 : [] 
25 : [1, 14, 18, 23, 28, 31, 48, 49, 51, 63, 65, 78, 84, 93, 107, 111, 114, 121, 122, 145, 146] 
26 : [] 
27 : [] 
28 : [] 
29 : [8, 10, 21, 22, 29, 32, 33, 37, 38, 50, 57, 58, 66, 69, 76, 79, 89, 99, 105, 127, 131, 133, 137] 
fitness : 20445 
