Instalações : Clientes 
0 : [27, 61, 74, 77, 81, 94, 98, 99, 100, 105, 118, 122, 129, 139, 145, 151, 153, 156, 166, 170, 176, 180, 188, 190] 
1 : [] 
2 : [] 
3 : [] 
4 : [] 
5 : [] 
6 : [35, 42, 43, 55, 68, 71, 91, 97, 104, 111, 123, 167, 183, 192, 195] 
7 : [] 
8 : [] 
9 : [10, 17, 28, 32, 37, 41, 45, 48, 54, 57, 60, 72, 73, 82, 84, 86, 106, 110, 115, 120, 124, 128, 135, 154, 172, 174, 178, 185, 193] 
10 : [] 
11 : [5, 83, 89, 90, 93, 102, 103, 113, 114, 116, 121, 127, 132, 140, 142, 143, 144, 149, 155, 184, 186, 194, 196] 
12 : [] 
13 : [12, 13, 16, 24, 46, 64, 75, 85, 95, 109, 134, 136, 137, 160, 164, 168] 
14 : [] 
15 : [] 
16 : [] 
17 : [] 
18 : [] 
19 : [] 
20 : [44, 49, 63, 67, 76, 78, 80, 119, 133, 152, 158, 159, 162, 171, 173, 177, 179, 187, 198] 
21 : [47, 53, 87, 101, 126, 147, 150, 157, 175, 181, 197] 
22 : [0, 1, 3, 6, 8, 11, 14, 15, 18, 21, 26, 31, 33, 39, 40, 51, 58, 70, 92, 96, 107, 108, 125, 141, 169] 
23 : [] 
24 : [4, 22, 23, 29, 38, 50, 52, 66, 79, 131, 163, 182, 189, 191] 
25 : [] 
26 : [] 
27 : [2, 7, 9, 19, 20, 25, 30, 34, 36, 56, 59, 62, 65, 69, 88, 112, 117, 130, 138, 146, 148, 161, 165, 199] 
28 : [] 
29 : [] 
fitness : 39872 
