Instalações : Clientes 
0 : [3, 4, 9, 16, 17, 20, 26, 34, 49, 52, 56, 140] 
1 : [] 
2 : [108] 
3 : [] 
4 : [] 
5 : [5, 7, 27, 28, 36, 53, 61, 91, 118, 119, 120, 132, 147, 149] 
6 : [] 
7 : [] 
8 : [] 
9 : [] 
10 : [] 
11 : [2, 13, 15, 19, 25, 39, 40, 41, 64, 72, 78, 80, 81, 82, 94, 101, 103, 104, 105, 106, 107, 111, 112, 113, 123, 124, 128, 134, 136, 141, 142, 144, 145] 
12 : [] 
13 : [] 
14 : [] 
15 : [10, 22, 29, 37, 42, 44, 68, 69, 74, 76, 79, 95, 117, 133] 
16 : [] 
17 : [45, 59, 60, 62, 67, 71, 73, 75, 77, 83, 84, 85, 86, 88, 90, 92, 96, 102, 109, 110, 130, 135, 139, 143, 148] 
18 : [] 
19 : [] 
20 : [] 
21 : [8, 24, 38, 50, 57, 98, 99, 125, 129] 
22 : [] 
23 : [] 
24 : [] 
25 : [12, 18, 21, 23, 30, 31, 32, 33, 46, 54, 55, 65, 66, 87, 89, 114, 116, 121, 122, 126, 127, 137, 138, 146] 
26 : [] 
27 : [0, 1, 6, 11, 14, 35, 43, 47, 48, 51, 58, 63, 70, 93, 97, 100, 115, 131] 
28 : [] 
29 : [] 
fitness : 25395 
