Instalações : Clientes 
0 : [] 
1 : [] 
2 : [] 
3 : [] 
4 : [0, 1, 2, 3, 4, 5, 6, 7, 8, 9, 10, 13, 15, 16, 17, 18, 19, 20, 21, 31, 32, 33, 35, 36, 37, 38, 43, 56, 58, 60, 61, 63, 64, 65, 66, 67, 68, 69, 70, 71, 72, 73, 74, 75, 76, 77, 79] 
5 : [] 
6 : [11, 12, 14, 22, 23, 24, 25, 26, 27, 28, 29, 30, 34, 40, 41, 42, 44, 45] 
7 : [] 
8 : [39, 46, 47, 48] 
9 : [] 
10 : [] 
11 : [] 
12 : [] 
13 : [49, 50, 51, 52, 53, 54, 55, 57, 59, 62] 
14 : [] 
15 : [] 
16 : [] 
17 : [78] 
18 : [] 
19 : [] 
fitness : 7144 
