Instalações : Clientes 
0 : [] 
1 : [] 
2 : [] 
3 : [] 
4 : [0] 
5 : [] 
6 : [] 
7 : [] 
8 : [] 
9 : [] 
10 : [2, 50, 85, 88, 106, 109, 140, 169, 174, 182, 189] 
11 : [15, 76, 94, 111, 134, 139, 149, 162, 164, 173, 183, 184, 188, 193, 195] 
12 : [] 
13 : [] 
14 : [7, 11, 17, 36, 38, 48, 59, 79, 138, 158, 159] 
15 : [] 
16 : [22, 23, 33, 34, 42, 53, 58, 60, 66, 78, 90, 107, 117, 143, 144, 146, 151, 154, 172, 176, 181, 192, 196, 198] 
17 : [] 
18 : [186, 191] 
19 : [] 
20 : [40, 52, 63, 65, 68, 71, 103, 112, 124, 156, 165, 178, 185] 
21 : [] 
22 : [] 
23 : [14, 18, 19, 29, 30, 37, 39, 43, 54, 55, 82, 86, 87, 89, 95, 118, 121, 129, 141, 147, 160, 163] 
24 : [] 
25 : [5, 24, 25, 62, 84, 97, 98, 125, 128, 135, 148, 179, 187] 
26 : [] 
27 : [] 
28 : [] 
29 : [] 
30 : [10, 13, 32, 44, 45, 57, 122, 150, 155, 166, 168, 170] 
31 : [] 
32 : [] 
33 : [] 
34 : [] 
35 : [] 
36 : [3, 8, 21, 28, 31, 41, 46, 56, 69, 77, 92, 93, 104, 105, 130, 137, 197] 
37 : [] 
38 : [] 
39 : [] 
40 : [81, 83, 100, 113, 116, 126, 127, 132, 142, 153, 157, 171, 177] 
41 : [91, 120, 194] 
42 : [] 
43 : [] 
44 : [] 
45 : [] 
46 : [12, 49, 64, 70, 110, 119, 161] 
47 : [27, 61, 73, 114, 131, 136, 145, 152, 175, 180, 190] 
48 : [] 
49 : [] 
50 : [] 
51 : [1, 6, 9, 16, 26, 47, 67, 74, 75, 102, 108, 115, 167] 
52 : [] 
53 : [4, 20, 35, 51, 72, 80, 96, 99, 101, 123, 133, 199] 
54 : [] 
55 : [] 
56 : [] 
57 : [] 
58 : [] 
59 : [] 
fitness : 33328 
