Instalações : Clientes 
0 : [0, 1, 2, 3, 4, 5, 6, 7, 8, 9, 10, 11, 12, 14, 15, 16, 17, 18, 19, 20, 21, 22, 23, 31, 32, 34, 35, 37, 55, 58] 
1 : [] 
2 : [] 
3 : [] 
4 : [13, 38, 39, 40, 42, 43, 46, 47, 49, 60] 
5 : [] 
6 : [24, 25, 26, 27, 28, 29, 30, 36, 41] 
7 : [] 
8 : [] 
9 : [] 
10 : [] 
11 : [] 
12 : [] 
13 : [33, 44, 45, 48, 50, 51, 52, 53, 54, 56, 57, 59, 61, 64] 
14 : [] 
15 : [] 
16 : [] 
17 : [62, 63, 65, 66, 67, 68, 69, 70, 71, 72, 73, 74, 75, 76, 77, 78, 79] 
18 : [] 
19 : [] 
fitness : 7429 
