Instalações : Clientes 
0 : [] 
1 : [] 
2 : [27, 32, 48, 60, 64, 71, 89, 107, 131, 132, 171, 186, 192, 196] 
3 : [] 
4 : [] 
5 : [] 
6 : [] 
7 : [0, 83, 85, 87, 91, 120, 133, 142, 156, 194, 197] 
8 : [] 
9 : [1, 62, 77, 78, 88, 102, 122, 135, 149, 151, 180, 187, 195] 
10 : [] 
11 : [6, 9, 19, 28, 33, 34, 35, 42, 44, 46, 49, 52, 65, 68, 103, 104, 114, 127, 153, 157, 159, 170] 
12 : [] 
13 : [] 
14 : [56, 74, 101] 
15 : [8, 10, 11, 16, 38, 54, 69, 72, 144, 163, 164, 167, 168, 174, 175, 198] 
16 : [3, 24, 30, 40, 51, 75, 79, 81, 82, 86, 94, 95, 108, 117, 140, 141, 188, 191] 
17 : [2, 15, 36, 55, 58, 73, 76, 90, 97, 112, 113, 134, 152, 155] 
18 : [] 
19 : [] 
20 : [20, 53, 124, 148, 158, 181, 185] 
21 : [26, 70, 99, 111, 116, 123, 128, 129, 130, 147, 150, 154, 160, 176, 177, 182, 184, 189, 193] 
22 : [] 
23 : [12, 13, 22, 25, 31, 59, 67, 84, 98, 105, 109, 110, 118, 126, 137, 138, 139, 143, 172, 173, 179] 
24 : [14, 23, 29, 63, 80, 96, 190] 
25 : [] 
26 : [4, 5, 7, 21, 37, 39, 47, 50, 57, 61, 92, 100, 106, 115, 136, 146, 161, 165, 166, 169] 
27 : [17, 18, 41, 43, 45, 66, 93, 119, 121, 125, 145, 162, 178, 183, 199] 
28 : [] 
29 : [] 
fitness : 32899 
