Instalações : Clientes 
0 : [] 
1 : [47, 125, 127, 132, 168, 170, 172, 174, 198] 
2 : [] 
3 : [] 
4 : [] 
5 : [2, 3, 7, 45, 49, 50, 64, 70, 74, 95, 103, 131, 134, 141, 152, 155, 157, 169] 
6 : [] 
7 : [] 
8 : [94] 
9 : [5, 8, 11, 14, 15, 17, 19, 25, 27, 33, 35, 63, 113, 128, 133, 158, 166, 187, 196] 
10 : [57, 61, 66, 87, 105, 111, 156, 159, 160, 183, 185, 191] 
11 : [] 
12 : [9, 12, 13, 20, 30, 38, 43, 65, 73, 86, 88, 89, 99, 121, 139, 150, 161, 164, 176, 188, 194] 
13 : [37, 48, 51, 53, 55, 58, 90, 96, 104, 108, 109, 112, 116, 117, 119, 120, 135, 137, 145, 146, 149, 154, 179, 184, 189, 190, 193] 
14 : [32, 40, 41, 71, 84, 85, 91, 92, 93, 102, 114, 123, 129, 143, 144, 147, 151, 165, 175, 182] 
15 : [18, 34, 72, 138, 153, 192] 
16 : [10, 28, 36, 60, 75, 80, 82, 100, 110, 118, 177, 180] 
17 : [] 
18 : [] 
19 : [] 
20 : [16, 23, 24, 26, 31, 39, 52, 56, 67, 68, 69, 77, 79, 83, 98, 101, 107, 122, 126, 136, 148, 167, 171] 
21 : [] 
22 : [] 
23 : [1, 44, 62, 81, 115, 124, 130, 186, 199] 
24 : [] 
25 : [163, 173, 195, 197] 
26 : [] 
27 : [] 
28 : [] 
29 : [0, 4, 6, 21, 22, 29, 42, 46, 54, 59, 76, 78, 97, 106, 140, 142, 162, 178, 181] 
fitness : 31135 
