Instalações : Clientes 
0 : [2, 7, 9, 19, 26, 38, 50, 51, 61, 79, 96, 98, 99, 105, 126, 129, 146, 153, 161, 176, 182, 188, 189] 
1 : [] 
2 : [21, 23, 29, 47, 52, 53, 94, 107, 125, 131, 147, 156, 157, 163, 169, 175, 181, 190, 191, 197] 
3 : [] 
4 : [] 
5 : [6, 66] 
6 : [] 
7 : [] 
8 : [16, 17, 27, 28, 37, 41, 43, 44, 54, 57, 63, 67, 73, 78, 82, 84, 110, 115, 120, 136, 137, 159, 164, 172, 174, 178, 185, 193] 
9 : [] 
10 : [12, 24, 33, 74, 77, 81, 101, 109, 122, 133, 138, 145, 151, 166, 173, 177, 183, 198] 
11 : [11, 20, 56, 65, 70, 89, 90, 97, 112, 113, 116, 121, 127, 130, 140, 142, 143, 150, 155, 184, 195] 
12 : [] 
13 : [13, 22, 46, 64, 75, 80, 87, 95, 119, 134, 154, 158, 160, 168, 170, 180, 187] 
14 : [] 
15 : [] 
16 : [] 
17 : [] 
18 : [0, 3, 4, 5, 8, 14, 15, 18, 25, 34, 40, 58, 88, 103, 108, 141, 148] 
19 : [1, 10, 30, 31, 35, 42, 45, 48, 55, 68, 72, 86, 91, 104, 106, 111, 123, 186, 199] 
20 : [32, 36, 39, 49, 60, 76, 85, 100, 118, 124, 128, 135, 139, 152, 162, 167, 171, 179, 192] 
21 : [] 
22 : [] 
23 : [] 
24 : [] 
25 : [59, 62, 69, 71, 83, 92, 93, 102, 114, 117, 132, 144, 149, 165, 194, 196] 
26 : [] 
27 : [] 
28 : [] 
29 : [] 
fitness : 39323 
