Instalações : Clientes 
0 : [3, 6, 8, 12, 17, 20, 26, 60, 73, 78, 81, 86, 96, 100, 112, 121, 124, 128, 130, 134, 140] 
1 : [] 
2 : [108] 
3 : [] 
4 : [] 
5 : [5, 7, 27, 31, 36, 48, 53, 72, 91, 116, 117, 118, 119, 120, 132, 147, 149] 
6 : [] 
7 : [] 
8 : [0, 2, 4, 11, 13, 15, 25, 34, 35, 47, 49, 54, 55, 62, 70, 71, 75, 77, 80, 82, 88, 123, 138, 141, 142, 144] 
9 : [] 
10 : [] 
11 : [1, 19, 30, 40, 51, 63, 64, 65, 67, 84, 87, 90, 92, 93, 94, 101, 103, 104, 106, 107, 113, 114, 126, 146, 148] 
12 : [] 
13 : [] 
14 : [39, 41, 52, 59, 109, 110, 135] 
15 : [] 
16 : [] 
17 : [9, 16, 23, 45, 56, 83, 85, 102, 139, 143] 
18 : [] 
19 : [] 
20 : [] 
21 : [] 
22 : [10, 22, 24, 29, 37, 42, 46, 50, 66, 69, 76, 79, 95, 97, 115, 127, 129, 133] 
23 : [] 
24 : [44, 61, 74] 
25 : [] 
26 : [] 
27 : [] 
28 : [] 
29 : [14, 18, 21, 28, 32, 33, 38, 43, 57, 58, 68, 89, 98, 99, 105, 111, 122, 125, 131, 136, 137, 145] 
fitness : 18996 
