Instalações : Clientes 
0 : [] 
1 : [] 
2 : [26, 31, 48, 53, 64, 90, 103, 109, 120, 135, 139, 173, 176, 185] 
3 : [14, 19, 32, 44, 61, 71, 78, 85, 93, 101, 115, 159, 186, 198, 199] 
4 : [] 
5 : [1, 3, 20, 40, 41, 65, 70, 74, 88, 89, 141, 157, 160, 169] 
6 : [38, 54, 76, 132, 134, 140, 142, 144, 162, 178, 181, 192, 194] 
7 : [] 
8 : [] 
9 : [] 
10 : [] 
11 : [13, 22, 99, 121] 
12 : [21, 43, 62, 73, 81, 86, 105, 106, 127, 138, 150, 168, 170, 183, 188] 
13 : [4, 10, 11, 30, 42, 46, 47, 55, 66, 87, 95, 96, 100, 117, 119, 130, 131, 137, 145, 152, 154, 155, 161, 184, 189, 193, 195] 
14 : [75, 92, 102, 114, 123, 124, 128, 129, 133, 143, 147, 151, 153, 156, 165, 166, 172, 174, 175, 180, 187] 
15 : [] 
16 : [67, 94, 104, 110, 111, 126, 177, 197] 
17 : [] 
18 : [] 
19 : [5, 15, 18, 25, 29, 35, 59, 63, 97, 113, 125, 158, 182] 
20 : [0, 2, 6, 7, 9, 12, 16, 17, 23, 24, 27, 34, 45, 50, 52, 79, 80, 82, 83, 84, 91, 98, 107, 164, 167, 171] 
21 : [] 
22 : [28, 33, 37, 51, 57, 58, 108, 112, 116, 146, 149, 163, 179, 190, 191] 
23 : [] 
24 : [] 
25 : [] 
26 : [8, 36, 39, 49, 56, 60, 68, 69, 72, 77, 118, 122, 136, 148, 196] 
27 : [] 
28 : [] 
29 : [] 
fitness : 31932 
