Instalações : Clientes 
0 : [0, 5, 7, 9, 11, 15, 16, 19, 40, 47, 60, 64, 67, 81, 83, 85, 86, 92, 96, 102, 112, 130, 139, 140] 
1 : [] 
2 : [] 
3 : [2, 4, 6, 8, 12, 13, 23, 32, 38, 43, 46, 51, 54, 70, 73, 78, 82, 84, 97, 99, 100, 111, 121, 124, 125, 129, 134, 141] 
4 : [14, 87, 136] 
5 : [18, 27, 28, 36, 42, 44, 53, 61, 76, 89, 116, 117, 118, 120, 126, 132, 147, 149] 
6 : [] 
7 : [26, 35, 41, 59, 62, 71, 148] 
8 : [] 
9 : [] 
10 : [] 
11 : [3, 17, 20, 25, 31, 39, 45, 49, 52, 55, 56, 65, 72, 74, 90, 93, 94, 101, 103, 104, 105, 106, 107, 113, 114, 119, 122, 128, 137, 146] 
12 : [] 
13 : [] 
14 : [34, 75, 77, 80, 88, 108, 109, 110, 123, 135, 138, 142, 143, 144] 
15 : [] 
16 : [] 
17 : [] 
18 : [] 
19 : [] 
20 : [] 
21 : [22, 24, 29, 37, 50, 69, 98, 133] 
22 : [] 
23 : [] 
24 : [] 
25 : [] 
26 : [] 
27 : [1, 10, 21, 30, 33, 48, 57, 58, 63, 66, 68, 79, 91, 95, 115, 127, 131, 145] 
28 : [] 
29 : [] 
fitness : 20601 
