Instalações : Clientes 
0 : [] 
1 : [] 
2 : [] 
3 : [] 
4 : [] 
5 : [0, 12, 20, 28, 31, 41, 44, 54, 63, 87, 93, 101, 105, 113, 117, 122, 134, 136, 139, 153, 183, 196] 
6 : [2, 80, 109, 128, 149, 158, 161, 181, 195] 
7 : [] 
8 : [] 
9 : [48] 
10 : [] 
11 : [] 
12 : [] 
13 : [6, 16, 68, 69, 70, 76, 78, 82, 85, 86, 88, 97, 108, 130, 133, 142, 144, 145, 150, 151, 156, 159, 162, 167, 173, 180, 189, 193] 
14 : [] 
15 : [] 
16 : [] 
17 : [] 
18 : [] 
19 : [51, 194] 
20 : [] 
21 : [] 
22 : [] 
23 : [] 
24 : [7, 15, 18, 21, 26, 40, 47, 52, 56, 58, 77, 91, 124, 157, 163, 164, 170, 175, 176, 187] 
25 : [] 
26 : [3, 25, 30, 46, 53, 65, 89, 102, 104, 114, 125, 135, 152, 154, 155, 190, 199] 
27 : [11, 38, 50, 62, 111, 184] 
28 : [] 
29 : [] 
30 : [1, 8, 9, 10, 13, 19, 22, 24, 29, 42, 67, 72, 103, 118, 165, 169, 179, 186, 197] 
31 : [] 
32 : [5, 35, 45, 59, 64, 66, 90, 94, 95, 112, 119, 120, 129, 131, 140, 143, 148, 166, 171, 172, 174] 
33 : [] 
34 : [] 
35 : [] 
36 : [] 
37 : [33, 34, 37, 39, 73, 100, 127, 138, 146, 178, 185, 188, 191] 
38 : [] 
39 : [] 
40 : [] 
41 : [43, 57, 74, 96, 107, 177] 
42 : [] 
43 : [] 
44 : [27, 36, 49, 71, 81, 92, 98, 106, 126, 132, 147, 168, 182, 192] 
45 : [4, 14, 17, 32, 55, 60, 61, 75, 79, 83, 84, 99, 110, 115, 116, 121, 123, 137, 141, 160, 198] 
46 : [] 
47 : [] 
48 : [] 
49 : [] 
50 : [23] 
51 : [] 
52 : [] 
53 : [] 
54 : [] 
55 : [] 
56 : [] 
57 : [] 
58 : [] 
59 : [] 
fitness : 33923 
