Instalações : Clientes 
0 : [2, 98, 101, 123, 161, 168, 170, 179] 
1 : [113, 140, 171, 184, 194] 
2 : [17, 22, 29, 45, 46, 53, 70, 77, 78, 92, 93, 105, 107, 117, 144, 146, 152, 191] 
3 : [] 
4 : [7, 8, 9, 32, 166] 
5 : [] 
6 : [] 
7 : [49, 82, 94, 111, 125, 131, 134, 139, 145, 147, 148, 162, 164] 
8 : [] 
9 : [] 
10 : [10, 48, 52, 63, 68, 83, 102, 115, 185] 
11 : [] 
12 : [21, 44, 138, 155, 182, 192, 197] 
13 : [] 
14 : [33, 39, 40, 42, 59, 85, 141, 158, 174, 181, 196, 198] 
15 : [] 
16 : [3, 23, 27, 28, 36, 47, 65, 88, 100, 143, 151, 175, 180, 189] 
17 : [] 
18 : [] 
19 : [] 
20 : [103, 106, 109, 116, 120, 124, 132, 142, 153, 154, 156, 157, 165, 172, 178, 188] 
21 : [] 
22 : [] 
23 : [14, 15, 24, 30, 37, 38, 54, 55, 67, 87, 89, 95, 99, 160, 163, 173, 183, 193, 195] 
24 : [] 
25 : [] 
26 : [1, 4, 13, 16, 18, 19, 34, 43, 61, 73, 108, 121, 135, 190] 
27 : [6, 11, 31, 50, 58, 66, 69, 90, 104, 122, 129, 130, 137, 150, 169, 186] 
28 : [] 
29 : [] 
30 : [] 
31 : [] 
32 : [] 
33 : [74, 76, 81, 118, 126, 149] 
34 : [] 
35 : [] 
36 : [] 
37 : [] 
38 : [] 
39 : [128] 
40 : [] 
41 : [] 
42 : [] 
43 : [] 
44 : [5, 25, 35, 41, 56, 60, 62, 72, 79, 80, 84, 97, 114, 136, 159, 176, 187, 199] 
45 : [] 
46 : [] 
47 : [] 
48 : [] 
49 : [20, 51, 64, 96, 110, 119, 133] 
50 : [] 
51 : [] 
52 : [] 
53 : [] 
54 : [] 
55 : [] 
56 : [] 
57 : [] 
58 : [0, 12, 26, 57, 71, 75, 86, 91, 112, 127, 167, 177] 
59 : [] 
fitness : 34384 
