Instalações : Clientes 
0 : [0, 7, 37, 82, 108, 178, 189] 
1 : [] 
2 : [] 
3 : [31, 38, 48, 70, 96, 133, 139, 145, 150, 158, 176] 
4 : [] 
5 : [4, 8, 20, 25, 28, 41, 50, 63, 67, 76, 93, 94, 114, 132, 148, 149, 157, 173] 
6 : [] 
7 : [] 
8 : [] 
9 : [] 
10 : [] 
11 : [3, 15, 18, 47, 58, 65, 78, 102, 125, 135, 136, 144, 152, 162, 164, 167, 175, 183] 
12 : [51, 52, 56, 69, 90, 103, 104, 113, 154, 170, 190, 194] 
13 : [2, 6, 10, 12, 14, 21, 23, 34, 36, 43, 54, 71, 74, 87, 101, 116, 117, 124, 134, 156, 166, 187, 188, 193] 
14 : [] 
15 : [] 
16 : [] 
17 : [] 
18 : [] 
19 : [] 
20 : [] 
21 : [] 
22 : [] 
23 : [] 
24 : [] 
25 : [] 
26 : [] 
27 : [] 
28 : [] 
29 : [] 
30 : [] 
31 : [] 
32 : [19, 35, 45, 66, 83, 84, 95, 98, 106, 118, 120, 129, 131, 171, 174, 192, 198] 
33 : [] 
34 : [] 
35 : [] 
36 : [16, 22, 32, 62, 73, 80, 81, 88, 92, 100, 121, 126, 146, 182, 185, 195] 
37 : [109, 127, 128, 138, 151, 161, 177, 181, 191] 
38 : [] 
39 : [] 
40 : [9, 39, 46, 60, 77, 85, 91, 97, 107, 111, 159, 180, 196, 199] 
41 : [] 
42 : [] 
43 : [] 
44 : [] 
45 : [5, 13, 17, 27, 33, 49, 55, 61, 64, 75, 79, 99, 110, 115, 123, 137, 143, 147, 160, 165, 168, 172, 184] 
46 : [] 
47 : [] 
48 : [] 
49 : [] 
50 : [1, 26, 30, 40, 53, 57, 68, 86, 89, 105, 122, 130, 142, 153, 155, 163] 
51 : [] 
52 : [] 
53 : [] 
54 : [] 
55 : [11, 24, 29, 42, 44, 59, 72, 112, 119, 140, 141, 169, 179, 186, 197] 
56 : [] 
57 : [] 
58 : [] 
59 : [] 
fitness : 32550 
