Instalações : Clientes 
0 : [1, 23, 33, 75, 77, 81] 
1 : [] 
2 : [7, 15, 17, 18, 51, 55, 86] 
3 : [] 
4 : [24, 58, 64] 
5 : [] 
6 : [] 
7 : [14, 45] 
8 : [11, 38, 39, 48, 66, 68, 76, 78, 88] 
9 : [32, 44, 60] 
10 : [9, 12, 29, 41, 57, 67, 74, 79] 
11 : [] 
12 : [] 
13 : [] 
14 : [] 
15 : [0, 4] 
16 : [40] 
17 : [2, 63, 85, 87] 
18 : [] 
19 : [31, 42, 69] 
20 : [19, 70] 
21 : [10, 16, 22, 30, 52, 59, 61, 65] 
22 : [] 
23 : [5, 13, 28, 35, 71, 80] 
24 : [26, 34, 50, 54, 56, 62, 82] 
25 : [] 
26 : [3] 
27 : [6, 8, 21, 46, 47, 53, 73, 83, 89] 
28 : [20, 25, 27, 36, 37, 43, 49, 72, 84] 
29 : [] 
fitness : 93770 
