Instalações : Clientes 
0 : [] 
1 : [32, 56, 62, 76, 94, 100, 101, 105, 113, 115, 162, 168, 199] 
2 : [] 
3 : [6, 21, 49, 78, 81, 97, 107, 109, 141, 142, 172, 185, 186, 187, 198] 
4 : [] 
5 : [] 
6 : [38, 44, 47, 54, 86, 87, 99, 106, 127, 131, 132, 150, 161, 194] 
7 : [] 
8 : [] 
9 : [] 
10 : [75, 80, 118, 120, 129, 136, 139, 173, 179, 192] 
11 : [] 
12 : [3, 13, 20, 35, 50, 65, 70, 88, 89, 121, 125, 169, 170, 181, 183, 188, 193] 
13 : [2, 28, 30, 42, 46, 48, 51, 55, 61, 64, 73, 74, 95, 116, 119, 134, 135, 152, 155, 157, 160, 189, 190] 
14 : [14, 31, 67, 71, 85, 102, 111, 117, 128, 153, 159, 164, 166, 174, 180, 182] 
15 : [] 
16 : [] 
17 : [] 
18 : [90, 163, 197] 
19 : [5, 9, 18, 19, 25, 43, 72, 92, 93, 144, 158, 177, 178] 
20 : [0, 1, 8, 10, 11, 12, 16, 17, 24, 27, 36, 39, 45, 52, 57, 83, 91, 98, 110, 112, 149, 156, 165, 167] 
21 : [15, 34, 59, 63, 123, 124, 133, 138, 140] 
22 : [4, 7, 33, 37, 53, 58, 66, 82, 96, 103, 104, 108, 114, 130, 137, 146, 154, 176, 184, 191] 
23 : [22, 26, 29, 41, 143, 145, 151, 195] 
24 : [] 
25 : [] 
26 : [23, 40, 60, 68, 69, 77, 79, 84, 122, 126, 147, 148, 171, 175, 196] 
27 : [] 
28 : [] 
29 : [] 
fitness : 34253 
