Instalações : Clientes 
0 : [] 
1 : [0, 1, 2, 3, 4, 5, 6, 7, 8, 9, 12, 13, 15, 16, 17, 18, 19, 20, 21, 22, 78] 
2 : [] 
3 : [] 
4 : [10, 14, 23, 26, 27, 28, 29, 30, 32, 33, 34, 35, 37, 38, 39, 40, 41, 55, 79] 
5 : [] 
6 : [] 
7 : [] 
8 : [] 
9 : [] 
10 : [24, 25, 31, 36, 42, 43, 44, 45, 46, 47, 59, 63] 
11 : [] 
12 : [] 
13 : [11, 48, 49, 50, 51, 52, 53, 54, 57, 60, 64] 
14 : [] 
15 : [] 
16 : [] 
17 : [56, 58, 61, 62, 65, 66, 67, 68, 69, 70, 71, 72, 73, 74, 75, 76, 77] 
18 : [] 
19 : [] 
fitness : 7343 
