Instalações : Clientes 
0 : [23, 26, 56, 78, 85, 106, 143, 147, 156, 157, 166, 181] 
1 : [1, 11, 16, 18, 19, 53, 55, 60, 62, 69, 102, 120, 125, 129, 136, 149, 153, 155, 178, 198] 
2 : [4, 38, 46, 59, 63, 67, 91, 94, 109, 145, 182] 
3 : [13, 21, 22, 43, 58, 68, 86, 93, 117, 130, 135, 146, 154, 159, 163, 165, 171, 173, 177, 179, 190] 
4 : [] 
5 : [] 
6 : [0, 14, 33, 34, 35, 37, 39, 45, 48, 61, 81, 97, 108, 111, 112, 115, 140] 
7 : [9, 79, 83, 122, 132, 174, 187, 188] 
8 : [6, 29, 30, 51, 71, 72, 80, 90, 104, 107, 118, 119, 124, 144, 170, 186] 
9 : [5, 8, 17, 41, 42, 66, 74, 75, 82, 84, 87, 88, 95, 99, 116, 121, 134, 137, 162, 164, 189] 
10 : [] 
11 : [] 
12 : [] 
13 : [20, 24, 25, 28, 50, 92, 100, 103, 127, 139, 192] 
14 : [] 
15 : [] 
16 : [] 
17 : [15, 57, 152, 183, 196] 
18 : [27, 31, 40, 44, 47, 49, 76, 77, 110, 150, 158, 161, 172, 175, 193, 194, 197, 199] 
19 : [] 
20 : [] 
21 : [] 
22 : [] 
23 : [] 
24 : [70, 168] 
25 : [3, 12, 52, 65, 89, 96, 101, 105, 113, 114, 126, 128, 138, 141, 142, 151, 160, 169, 185, 195] 
26 : [] 
27 : [] 
28 : [2, 7, 10, 32, 36, 54, 64, 73, 98, 123, 131, 133, 148, 167, 176, 180, 184, 191] 
29 : [] 
fitness : 32942 
