Instalações : Clientes 
0 : [1, 11, 20, 23, 64, 82] 
1 : [] 
2 : [2, 13, 22, 32, 41, 51, 86, 87] 
3 : [] 
4 : [] 
5 : [58, 70, 75] 
6 : [7] 
7 : [3, 14, 34, 69] 
8 : [0, 44, 66, 68, 76, 88, 89] 
9 : [27, 42, 83] 
10 : [4, 5, 24, 39, 57, 67, 72, 74, 80] 
11 : [] 
12 : [9, 50, 53, 60, 85] 
13 : [] 
14 : [] 
15 : [] 
16 : [] 
17 : [] 
18 : [] 
19 : [17, 31, 47] 
20 : [] 
21 : [10, 16, 21, 28, 30, 37, 55, 61, 65] 
22 : [] 
23 : [] 
24 : [12, 19, 26, 35, 54, 62, 77, 78] 
25 : [8, 29, 38, 52, 59] 
26 : [] 
27 : [6, 15, 18, 33, 36, 46, 63, 71, 73, 81] 
28 : [25, 40, 43, 45, 48, 49, 84] 
29 : [56, 79] 
fitness : 91938 
