Instalações : Clientes 
0 : [6, 33, 52, 79, 104, 122, 149, 153, 159, 180] 
1 : [] 
2 : [4, 17, 45, 59, 61, 69, 107, 109, 120, 136, 143, 184, 186, 189] 
3 : [] 
4 : [] 
5 : [] 
6 : [] 
7 : [] 
8 : [] 
9 : [1, 9, 12, 16, 20, 62, 77, 84, 95, 102, 125, 127, 151, 170, 195] 
10 : [3, 5, 25, 30, 51, 67, 71, 86, 101, 108, 110, 131, 148, 166, 172, 188] 
11 : [19, 28, 35, 41, 42, 46, 49, 54, 56, 68, 72, 78, 87, 91, 92, 103, 114, 158, 178, 181, 183, 187, 194] 
12 : [] 
13 : [] 
14 : [] 
15 : [0, 8, 10, 15, 18, 76, 83, 85, 93, 128, 130, 133, 144, 145, 155, 162, 164, 174, 198] 
16 : [40, 44, 82, 88, 94, 105, 117, 118, 135, 140, 141, 165, 167, 168, 173, 191, 199] 
17 : [2, 14, 36, 63, 70, 73, 97, 113, 150, 177, 193] 
18 : [] 
19 : [34, 65, 157] 
20 : [13, 38, 53, 66, 156, 182, 185, 197] 
21 : [23, 29, 48, 55, 58, 80, 90, 99, 111, 116, 119, 123, 134, 152, 154, 160, 163] 
22 : [] 
23 : [7, 11, 22, 24, 27, 43, 47, 60, 75, 81, 89, 98, 126, 132, 139, 171, 179, 192] 
24 : [] 
25 : [31, 32, 39, 64, 74, 121, 124, 176, 196] 
26 : [21, 26, 37, 50, 57, 96, 100, 106, 112, 115, 129, 137, 138, 142, 146, 147, 161, 169, 175, 190] 
27 : [] 
28 : [] 
29 : [] 
fitness : 35966 
