Instalações : Clientes 
0 : [0, 108, 131, 141, 146, 148, 157, 161, 163, 165, 176, 188, 189] 
1 : [] 
2 : [] 
3 : [13, 16, 22, 37, 41, 46, 47, 57, 64, 78, 82, 95, 109, 119, 124, 135, 136, 137, 154, 156, 158, 159, 160, 168, 170, 180, 181, 185] 
4 : [32, 43, 60, 84, 104, 106, 111, 128, 167, 174, 178, 193] 
5 : [] 
6 : [] 
7 : [] 
8 : [] 
9 : [] 
10 : [11, 24, 29, 36, 66, 76, 80, 81, 94, 126, 129, 133, 139, 162, 177, 179, 190, 198] 
11 : [19, 21, 23, 25, 56, 58, 59, 62, 65, 70, 79, 83, 89, 92, 93, 96, 102, 103, 117, 121, 127, 130, 132, 140, 142, 143, 144, 149, 184, 194, 196] 
12 : [] 
13 : [40, 44, 54, 63, 85, 87, 115, 125, 134, 152, 171, 175, 187, 197] 
14 : [1, 3, 5, 6, 8, 10, 14, 27, 28, 30, 31, 39, 48, 49, 67, 73, 97, 110, 120, 151, 173] 
15 : [] 
16 : [] 
17 : [2, 12, 17, 18, 20, 34, 38, 50, 52, 53, 61, 98, 100, 107, 118, 122, 138, 153] 
18 : [] 
19 : [42, 45, 55, 68, 69, 71, 72, 86, 91, 101, 113, 123, 172, 183, 192, 195, 199] 
20 : [] 
21 : [] 
22 : [] 
23 : [4, 26, 33, 51, 74, 75, 77, 105, 145, 147, 164, 166, 169, 182, 191] 
24 : [] 
25 : [] 
26 : [] 
27 : [] 
28 : [7, 9, 15, 35, 88, 90, 99, 112, 114, 116, 150, 155, 186] 
29 : [] 
fitness : 46868 
