Instalações : Clientes 
0 : [] 
1 : [] 
2 : [] 
3 : [0, 45, 59, 71, 77, 105, 106, 113, 148, 179, 180] 
4 : [] 
5 : [] 
6 : [] 
7 : [] 
8 : [93, 103, 104, 107, 112, 131, 134, 138, 140, 144, 159] 
9 : [] 
10 : [] 
11 : [23, 35, 56, 58, 63, 84, 101, 116, 150, 172, 185, 193] 
12 : [] 
13 : [1, 3, 4, 19, 26, 29, 49, 62, 75, 80, 85, 95, 98, 111, 124, 178] 
14 : [47, 55, 65, 81, 88, 108, 115, 126, 132, 136, 161, 169] 
15 : [] 
16 : [] 
17 : [] 
18 : [120, 125, 130, 147, 166, 183, 184, 187] 
19 : [] 
20 : [] 
21 : [] 
22 : [] 
23 : [] 
24 : [] 
25 : [] 
26 : [2, 5, 7, 12, 28, 36, 37, 66, 96, 143, 151, 162, 173, 196] 
27 : [] 
28 : [9, 30, 51, 69, 82, 87, 94, 99, 100, 114, 128, 139, 152, 163, 164, 170, 175, 190, 199] 
29 : [] 
30 : [] 
31 : [] 
32 : [] 
33 : [] 
34 : [] 
35 : [] 
36 : [] 
37 : [16, 31, 32, 97, 153, 160] 
38 : [] 
39 : [15, 20, 22, 38, 54, 61, 73, 74, 83, 91, 118, 127, 135, 141, 156, 157, 195] 
40 : [13, 41, 64, 67, 72, 76, 78, 79, 86, 90, 102, 129, 137, 145, 171] 
41 : [] 
42 : [] 
43 : [] 
44 : [] 
45 : [] 
46 : [] 
47 : [122, 146, 149, 154, 165, 181, 186, 188, 191, 192, 194] 
48 : [] 
49 : [] 
50 : [] 
51 : [] 
52 : [] 
53 : [11, 17, 21, 24, 27, 33, 42, 50, 133, 155] 
54 : [] 
55 : [] 
56 : [34, 52, 57, 68, 70, 89, 117, 121, 123, 168, 177, 197, 198] 
57 : [] 
58 : [] 
59 : [6, 8, 10, 14, 18, 25, 39, 40, 43, 44, 46, 48, 53, 60, 92, 109, 110, 119, 142, 158, 167, 174, 176, 182, 189] 
fitness : 33769 
