Instalações : Clientes 
0 : [] 
1 : [] 
2 : [49, 53, 64, 94, 109, 120, 139, 161, 173, 176, 195, 197] 
3 : [17, 21, 43, 54, 93, 114, 127, 128, 168, 178, 182, 198] 
4 : [8, 10, 24, 27, 28, 84, 156, 167] 
5 : [3, 13, 20, 30, 44, 61, 62, 70, 73, 80, 121, 150, 157, 160, 169] 
6 : [] 
7 : [] 
8 : [] 
9 : [5, 18, 19, 25, 29, 34, 41, 63, 67, 97, 102, 113, 129, 133, 138, 144, 147, 158, 174, 186, 192] 
10 : [1, 6, 31, 32, 47, 87, 100, 105] 
11 : [38, 76, 86] 
12 : [9, 22, 35, 59, 65, 81, 88, 89, 99, 101, 106, 115, 125, 132, 140, 142, 162, 181, 188, 194, 199] 
13 : [2, 4, 7, 37, 48, 50, 55, 74, 90, 95, 103, 108, 116, 117, 130, 131, 134, 137, 141, 145, 152, 154, 155, 184, 189, 191, 193] 
14 : [14, 15, 23, 68, 71, 72, 75, 78, 92, 118, 123, 124, 136, 143, 153, 166, 172, 177, 180, 183, 185, 187] 
15 : [] 
16 : [11, 26, 36, 52, 85, 91, 107, 111, 151, 159] 
17 : [] 
18 : [] 
19 : [] 
20 : [0, 12, 16, 39, 40, 45, 58, 60, 69, 83, 98, 110, 122, 126, 164, 165, 171, 196] 
21 : [] 
22 : [33, 42, 46, 51, 57, 66, 82, 96, 104, 112, 119, 135, 146, 149, 163, 179, 190] 
23 : [] 
24 : [] 
25 : [] 
26 : [] 
27 : [56, 77, 79, 148, 175] 
28 : [170] 
29 : [] 
fitness : 33117 
