Instalações : Clientes 
0 : [16, 17, 38, 40, 43, 59, 60, 62, 67, 70, 83, 85, 92, 102, 110, 130, 139, 140, 143, 144, 148] 
1 : [] 
2 : [56, 71, 77, 88, 96, 111, 112, 135, 136] 
3 : [] 
4 : [] 
5 : [5, 18, 46, 53, 65, 72, 103, 105, 114, 118, 119, 120, 126, 127, 146, 147, 149] 
6 : [] 
7 : [] 
8 : [] 
9 : [37, 79, 91, 133] 
10 : [] 
11 : [1, 6, 14, 19, 31, 32, 33, 34, 45, 48, 51, 54, 58, 63, 64, 73, 81, 86, 94, 106, 107, 113, 122, 128, 131, 145] 
12 : [] 
13 : [] 
14 : [] 
15 : [] 
16 : [] 
17 : [] 
18 : [] 
19 : [8, 15, 20, 21, 23, 26, 39, 41, 57, 78, 82, 84, 87, 90, 97, 101, 104, 134, 142] 
20 : [] 
21 : [] 
22 : [] 
23 : [] 
24 : [7, 10, 22, 24, 27, 28, 29, 30, 36, 42, 44, 50, 61, 66, 68, 69, 74, 76, 89, 93, 95, 98, 115, 116, 117, 125, 129, 132, 137] 
25 : [] 
26 : [] 
27 : [] 
28 : [0, 2, 3, 4, 9, 11, 12, 13, 25, 35, 47, 49, 52, 55, 75, 80, 99, 100, 108, 109, 121, 123, 124, 138, 141] 
29 : [] 
fitness : 22085 
