Instalações : Clientes 
0 : [0, 78, 87, 106, 127, 162, 166, 179] 
1 : [11, 15, 16, 22, 27, 34, 49, 53, 57, 84, 85, 105, 128, 135, 136, 142, 147, 158, 172, 189, 190, 197] 
2 : [4, 12, 18, 38, 46, 64, 94, 167, 198] 
3 : [9, 17, 42, 43, 74, 82, 99, 130, 137, 146, 154, 159, 163, 165, 171, 196] 
4 : [35, 45, 50, 89, 91, 101, 115, 143] 
5 : [] 
6 : [] 
7 : [] 
8 : [19, 29, 30, 32, 33, 39, 40, 65, 70, 71, 90, 102, 107, 117, 119, 124, 133, 170, 178, 184] 
9 : [] 
10 : [] 
11 : [] 
12 : [104, 153] 
13 : [] 
14 : [100, 103, 111, 191] 
15 : [] 
16 : [31, 41, 58, 83, 88, 93, 95, 193, 199] 
17 : [] 
18 : [5, 21, 44, 60, 62, 66, 75, 77, 79, 86, 116, 122, 132, 134, 156, 161, 164, 169, 174, 177, 187, 188] 
19 : [3, 7, 8, 24, 28, 48, 63, 81, 96, 97, 123, 126, 145, 160] 
20 : [] 
21 : [10, 13, 26, 47, 55, 72, 76, 110, 118, 120, 125, 150, 151, 152, 155, 168, 175, 186, 194] 
22 : [] 
23 : [] 
24 : [] 
25 : [20, 23, 25, 52, 68, 92, 113, 114, 121, 138, 139, 141, 157, 181, 183, 185, 192, 195] 
26 : [] 
27 : [54, 61, 108, 112, 129, 140, 149, 173, 180] 
28 : [1, 2, 6, 14, 36, 37, 51, 56, 59, 67, 69, 73, 80, 98, 109, 131, 144, 148, 176, 182] 
29 : [] 
fitness : 32477 
