Instalações : Clientes 
0 : [11, 14, 18, 23, 71, 80, 82] 
1 : [] 
2 : [6, 7, 17, 22, 44, 51, 70] 
3 : [] 
4 : [20, 24, 37, 53, 64] 
5 : [] 
6 : [42] 
7 : [] 
8 : [0, 8, 12, 15, 39, 45, 52, 68, 76, 88] 
9 : [43, 72, 75] 
10 : [29, 33, 41, 58, 65, 67, 74] 
11 : [] 
12 : [1, 3, 4, 16, 63, 73] 
13 : [] 
14 : [49, 50] 
15 : [5, 57] 
16 : [] 
17 : [2, 31, 85, 87] 
18 : [13, 56] 
19 : [19, 66, 69] 
20 : [10, 35] 
21 : [] 
22 : [] 
23 : [] 
24 : [27, 34, 54, 59, 60, 62, 78] 
25 : [9, 26, 32, 38, 61, 79] 
26 : [] 
27 : [21, 28, 30, 36, 46, 55, 81, 83, 89] 
28 : [25, 40, 47, 48, 77, 84, 86] 
29 : [] 
fitness : 93285 
