Instalações : Clientes 
0 : [13, 14, 17, 22, 23, 25, 26, 28, 29] 
1 : [0, 1, 2, 3, 4, 5, 6, 7, 8, 10, 11, 12, 15, 16, 18, 20, 21, 27, 60, 79] 
2 : [] 
3 : [] 
4 : [24, 30, 31, 34, 36, 37, 38, 39, 40, 41, 43, 49, 55] 
5 : [] 
6 : [] 
7 : [] 
8 : [] 
9 : [] 
10 : [] 
11 : [] 
12 : [53, 59, 63] 
13 : [33, 44, 45, 47, 48, 50, 51, 52, 54, 57, 58, 62, 64, 76] 
14 : [] 
15 : [] 
16 : [] 
17 : [9, 19, 32, 35, 42, 46, 56, 61, 65, 66, 67, 68, 69, 70, 71, 72, 73, 74, 75, 77, 78] 
18 : [] 
19 : [] 
fitness : 7875 
