Instalações : Clientes 
0 : [1, 11, 17, 23, 70, 80, 81] 
1 : [] 
2 : [6, 38, 51, 60, 64, 82, 87] 
3 : [] 
4 : [15, 47, 57, 58] 
5 : [0, 29, 42, 75] 
6 : [] 
7 : [14, 34, 67] 
8 : [12, 13, 39, 40, 43, 44, 52, 66, 68] 
9 : [20, 55, 72] 
10 : [5, 24, 30, 33, 41, 45, 65, 79] 
11 : [] 
12 : [7, 85] 
13 : [] 
14 : [50, 78] 
15 : [84] 
16 : [] 
17 : [2, 16, 22, 32, 69] 
18 : [] 
19 : [10, 19, 28, 31] 
20 : [] 
21 : [] 
22 : [37] 
23 : [] 
24 : [18, 26, 35, 54, 56, 59, 71, 76] 
25 : [4, 53, 61, 74, 88] 
26 : [] 
27 : [3, 9, 21, 46, 62, 63, 73, 83, 89] 
28 : [8, 25, 27, 36, 48, 49, 77, 86] 
29 : [] 
fitness : 96107 
