Instalações : Clientes 
0 : [] 
1 : [] 
2 : [0, 7, 8, 9, 16, 26, 29, 33, 38, 45, 50, 72, 81, 111, 158, 161] 
3 : [] 
4 : [] 
5 : [] 
6 : [] 
7 : [] 
8 : [70, 73, 78, 80, 83, 89, 93, 103, 107, 115, 134, 140, 157, 170, 188, 197] 
9 : [] 
10 : [] 
11 : [] 
12 : [] 
13 : [1, 3, 4, 6, 17, 22, 49, 75, 85, 98, 131, 155, 167, 171, 178] 
14 : [] 
15 : [] 
16 : [] 
17 : [] 
18 : [] 
19 : [] 
20 : [2, 34, 63, 74, 76, 86, 90, 95, 99, 104, 137, 162, 166, 187] 
21 : [] 
22 : [] 
23 : [] 
24 : [] 
25 : [] 
26 : [12, 14, 19, 32, 53, 56, 66, 68, 101, 143, 150, 151, 174, 185, 196] 
27 : [92, 117, 123, 146, 148, 153, 160, 165, 179, 190, 194, 195] 
28 : [] 
29 : [] 
30 : [] 
31 : [] 
32 : [5, 13, 23, 24, 25, 36, 43, 44, 94, 96, 109, 110, 116, 173, 184, 192] 
33 : [] 
34 : [62, 67, 79, 112, 122, 124, 141, 149, 152, 159, 168, 181] 
35 : [] 
36 : [20, 28, 35, 37, 41, 58, 61, 84, 102, 129, 172, 183] 
37 : [] 
38 : [] 
39 : [18, 30, 31, 39, 40, 46, 54, 69, 71, 88, 97, 113, 118, 121, 127, 135, 138, 154, 156, 176, 180] 
40 : [] 
41 : [47, 82, 87, 100, 105, 106, 108, 114, 126, 128, 132, 136, 139, 163, 164, 169, 175, 199] 
42 : [57, 125, 130, 144, 147, 186, 191, 198] 
43 : [] 
44 : [] 
45 : [] 
46 : [] 
47 : [] 
48 : [] 
49 : [] 
50 : [] 
51 : [] 
52 : [] 
53 : [21, 27, 42, 51, 59, 65, 77, 133] 
54 : [] 
55 : [] 
56 : [] 
57 : [] 
58 : [] 
59 : [10, 11, 15, 48, 52, 55, 60, 64, 91, 119, 120, 142, 145, 177, 182, 189, 193] 
fitness : 33633 
