Instalações : Clientes 
0 : [] 
1 : [] 
2 : [12, 27, 31, 59, 70, 86, 100, 132, 137, 147, 171, 179, 186] 
3 : [] 
4 : [10, 15, 18, 54, 66, 78, 164, 168, 174, 198] 
5 : [] 
6 : [] 
7 : [0, 8, 9, 19, 29, 38, 72, 83, 87, 120, 133, 163, 167, 197] 
8 : [] 
9 : [1, 16, 33, 34, 56, 71, 77, 79, 95, 102, 127, 141, 149, 170] 
10 : [5, 25, 32, 40, 44, 52, 67, 74, 82, 88, 94, 108, 110, 172, 188, 191] 
11 : [6, 20, 35, 46, 60, 62, 64, 65, 103, 104, 105, 122, 135, 140, 148, 157, 180, 183, 187, 195] 
12 : [3, 30] 
13 : [4, 28, 69, 85, 91, 93, 98, 109, 114, 124, 156, 185, 194] 
14 : [] 
15 : [] 
16 : [] 
17 : [2, 14, 23, 36, 48, 80, 111, 113, 116, 123, 129, 130, 144, 152, 177] 
18 : [] 
19 : [13, 151, 159] 
20 : [] 
21 : [] 
22 : [] 
23 : [22, 24, 51, 75, 81, 89, 101, 117, 118, 126, 131, 136, 138, 139, 165, 166, 173, 176, 184] 
24 : [55, 63, 73, 76, 96, 97, 106, 112, 128, 175, 189] 
25 : [] 
26 : [21, 26, 37, 47, 50, 57, 58, 90, 99, 115, 134, 143, 146, 150, 154, 160, 161, 169, 193, 199] 
27 : [7, 11, 17, 39, 43, 61, 84, 119, 121, 145, 162, 178, 182, 190, 192, 196] 
28 : [41, 42, 45, 49, 53, 68, 92, 107, 125, 142, 153, 155, 158, 181] 
29 : [] 
fitness : 33975 
