Instalações : Clientes 
0 : [] 
1 : [] 
2 : [2, 77, 90, 92, 107, 117, 130, 144, 146, 152, 155, 186] 
3 : [23, 40, 65, 75, 85, 91, 109, 116, 120, 140, 154] 
4 : [] 
5 : [] 
6 : [] 
7 : [] 
8 : [25, 62, 80, 82, 84, 98, 110, 119, 123, 131, 133, 135, 148, 199] 
9 : [] 
10 : [] 
11 : [] 
12 : [] 
13 : [5, 7, 21, 31, 32, 41, 44, 69, 79, 114, 129, 150, 166] 
14 : [] 
15 : [] 
16 : [12, 13, 15, 17, 55, 63, 88, 89, 106, 138, 143, 151, 182, 187, 190, 196] 
17 : [] 
18 : [] 
19 : [] 
20 : [10, 18, 39, 56, 74, 83, 87, 103, 104, 113, 132, 142, 157, 165, 169, 171, 185, 188, 194] 
21 : [] 
22 : [] 
23 : [] 
24 : [3, 30, 37, 47, 48, 67, 102, 108, 112, 115, 118, 172] 
25 : [] 
26 : [] 
27 : [] 
28 : [] 
29 : [] 
30 : [] 
31 : [4, 97] 
32 : [45, 78] 
33 : [] 
34 : [35, 51, 72, 161, 168, 170, 192] 
35 : [] 
36 : [] 
37 : [] 
38 : [] 
39 : [33, 53, 61, 66, 93, 99, 105, 139, 147, 149, 164, 195] 
40 : [14, 19, 26, 34, 43, 81, 86, 111, 121, 127, 153, 156, 160] 
41 : [] 
42 : [] 
43 : [38, 52, 68, 71, 100, 126, 177, 184] 
44 : [8, 20, 57, 64, 70, 76, 96, 101, 122, 128, 136, 159, 176, 179, 180, 181] 
45 : [] 
46 : [] 
47 : [9, 11, 22, 24, 28, 29, 49, 54, 73, 94, 95, 125, 134, 145, 175, 183] 
48 : [] 
49 : [] 
50 : [] 
51 : [1, 162, 163, 167, 173, 193] 
52 : [59, 124, 137, 178, 191, 197] 
53 : [] 
54 : [0, 6, 16, 27, 36, 42, 46, 50, 58, 60, 141, 158, 174, 189, 198] 
55 : [] 
56 : [] 
57 : [] 
58 : [] 
59 : [] 
fitness : 33977 
