Instalações : Clientes 
0 : [] 
1 : [] 
2 : [17, 41, 42, 44, 63, 82, 86] 
3 : [2, 58, 77, 80] 
4 : [33, 49, 53, 75] 
5 : [] 
6 : [85] 
7 : [31, 34, 81] 
8 : [0, 8, 14, 18, 39, 65, 78, 79, 88] 
9 : [] 
10 : [19, 20, 24, 29, 60, 66, 67, 89] 
11 : [] 
12 : [23, 50, 56, 62, 73] 
13 : [] 
14 : [] 
15 : [] 
16 : [] 
17 : [16, 57, 76, 87] 
18 : [] 
19 : [3, 27, 64, 69] 
20 : [] 
21 : [10, 12, 22, 28, 30, 43, 52, 59] 
22 : [] 
23 : [6, 7, 13, 51, 68, 71, 74] 
24 : [] 
25 : [9, 25, 32, 38, 45, 61] 
26 : [26] 
27 : [1, 4, 5, 15, 21, 46, 55, 70, 83] 
28 : [36, 40, 47, 48, 54, 72, 84] 
29 : [11, 35, 37] 
fitness : 88435 
