Instalações : Clientes 
0 : [] 
1 : [6, 13, 14, 16, 21, 26, 29, 40, 47, 55, 57, 62, 67, 70, 71, 80, 102, 104, 110, 119, 135, 142, 147, 151, 172] 
2 : [] 
3 : [1, 95, 105, 127, 128, 146, 156, 157, 163, 171, 173, 190, 196, 197] 
4 : [25, 35, 45, 89, 115, 143, 191] 
5 : [] 
6 : [] 
7 : [] 
8 : [] 
9 : [9, 23, 41, 42, 43, 56, 75, 78, 84, 85, 87, 91, 122, 130, 132, 137, 159, 162, 188, 189] 
10 : [3, 5, 15, 22, 27, 39, 66, 74, 83, 99, 116, 134, 152, 154, 164, 169, 174, 177, 179, 187] 
11 : [] 
12 : [] 
13 : [20, 52, 81, 100, 101, 111, 121, 126, 139, 160, 185, 195] 
14 : [] 
15 : [] 
16 : [] 
17 : [] 
18 : [31, 44, 49, 53, 58, 60, 76, 77, 79, 88, 93, 107, 120, 136, 150, 161, 175, 193, 199] 
19 : [28, 37, 38, 54, 63, 94, 96, 97, 123, 140, 144, 180, 182] 
20 : [] 
21 : [] 
22 : [109, 118, 124, 133, 153, 155, 184, 186, 194] 
23 : [] 
24 : [] 
25 : [24, 34, 48, 50, 65, 68, 92, 103, 106, 113, 114, 129, 138, 141, 165, 166, 176, 181, 183, 192, 198] 
26 : [] 
27 : [7, 8, 59, 61, 98, 108, 148] 
28 : [0, 2, 4, 11, 12, 17, 18, 30, 32, 36, 46, 51, 64, 69, 73, 82, 86, 90, 112, 131, 145, 149, 167, 170, 178] 
29 : [10, 19, 33, 72, 117, 125, 158, 168] 
fitness : 30622 
