Instalações : Clientes 
0 : [0, 105, 118, 126, 131, 147, 153, 156, 157, 163, 169, 175, 176, 181, 182, 189, 190, 191, 197] 
1 : [] 
2 : [] 
3 : [] 
4 : [] 
5 : [4] 
6 : [5, 35, 42, 44, 55, 68, 69, 84, 86, 91, 97, 104, 111, 113, 167, 178] 
7 : [1, 3, 16, 18, 22, 25, 26, 32, 40, 52, 56, 59, 62, 70, 83, 89, 92, 93, 98, 103, 117, 121, 130, 144, 180, 194, 196] 
8 : [] 
9 : [] 
10 : [12, 13, 17, 24, 46, 74, 75, 77, 80, 115, 135, 152, 162, 177, 179, 187, 198] 
11 : [7, 8, 10, 11, 14, 15, 19, 21, 23, 27, 28, 65, 71, 81, 94, 96, 102, 114, 127, 132, 140, 142, 143, 145, 149, 155, 183, 184, 186, 195] 
12 : [] 
13 : [57, 64, 85, 95, 109, 119, 134, 136, 137, 154, 158, 159, 160, 168, 170] 
14 : [37, 47, 49, 54, 61, 63, 73, 76, 78, 124, 128, 133, 139, 164, 171, 173, 185, 192] 
15 : [] 
16 : [] 
17 : [] 
18 : [] 
19 : [30, 31, 36, 41, 43, 45, 48, 60, 72, 82, 106, 110, 120, 123, 174, 193, 199] 
20 : [] 
21 : [] 
22 : [] 
23 : [] 
24 : [] 
25 : [] 
26 : [] 
27 : [20, 29, 33, 34, 38, 50, 51, 53, 58, 66, 79, 88, 107, 108, 112, 116, 125, 141, 146, 148, 150, 161, 165] 
28 : [2, 6, 9, 39, 67, 87, 90, 99, 100, 101, 122, 129, 138, 151, 166, 172, 188] 
29 : [] 
fitness : 35920 
