Instalações : Clientes 
0 : [] 
1 : [] 
2 : [] 
3 : [] 
4 : [] 
5 : [] 
6 : [0, 55, 68, 72, 86, 91, 96, 97, 106, 142, 167, 183, 192, 199] 
7 : [] 
8 : [] 
9 : [10, 28, 30, 31, 37, 41, 43, 45, 54, 57, 60, 78, 82, 84, 104, 110, 115, 119, 120, 123, 124, 128, 135, 178] 
10 : [17, 27, 75, 80, 85, 100, 122, 129, 133, 139, 145, 152, 162, 163, 172, 175, 181, 187] 
11 : [] 
12 : [1, 5, 14, 35, 65, 69, 71, 83, 92, 102, 113, 114, 117, 127, 132, 140, 143, 149, 155, 184, 195] 
13 : [4, 13, 16, 22, 24, 64, 95, 109, 137, 154, 159, 160, 164, 166, 168, 170, 180] 
14 : [] 
15 : [] 
16 : [] 
17 : [9, 48, 61, 81, 90, 116, 118, 150, 151, 153, 165, 186] 
18 : [2, 11, 15, 32, 40, 42, 56, 58, 59, 62, 70, 89, 93, 103, 130, 141, 144, 196] 
19 : [] 
20 : [12, 36, 44, 46, 49, 63, 67, 73, 76, 111, 136, 158, 171, 173, 174, 177, 179, 185, 193, 198] 
21 : [] 
22 : [] 
23 : [6, 66, 74, 77, 87, 94, 101, 126, 134, 156, 176] 
24 : [18, 29, 39, 47, 52, 53, 79, 107, 108, 125, 131, 147, 182, 189, 191, 197] 
25 : [] 
26 : [] 
27 : [3, 7, 8, 19, 20, 21, 23, 25, 26, 33, 34, 38, 50, 51, 88, 98, 99, 105, 112, 121, 138, 146, 148, 157, 161, 169, 188, 190, 194] 
28 : [] 
29 : [] 
fitness : 37314 
