Instalações : Clientes 
0 : [130] 
1 : [] 
2 : [2, 60, 66, 80, 101, 102, 105, 110, 123, 128, 129, 149, 155, 160, 162, 197] 
3 : [] 
4 : [4, 23, 47, 50, 52, 55, 59, 61, 64, 65, 68, 71, 73, 74, 78, 84, 85, 88, 92, 98, 99, 100, 103, 106, 111, 116, 117, 119, 126, 135, 140, 141, 142, 146, 151, 161, 177, 180, 181, 182, 184, 192, 196, 198] 
5 : [174, 199] 
6 : [20] 
7 : [] 
8 : [17, 18, 22, 28, 34, 36, 43, 56, 75, 79, 81, 89, 107, 121, 124, 134, 136, 138, 139, 145, 152, 163, 169, 173, 178, 187, 195] 
9 : [0, 7, 24, 37, 39, 40, 42, 48, 49, 51, 54, 57, 62, 69, 70, 90, 94, 95, 108, 114, 115, 118, 122, 125, 132, 133, 137, 143, 153, 157, 158, 164, 165, 166, 168, 170, 189] 
10 : [] 
11 : [] 
12 : [175] 
13 : [] 
14 : [] 
15 : [9, 10, 11, 12, 15, 29, 32, 35, 44, 46, 91, 96, 109, 127, 147, 148, 167, 179, 191, 193] 
16 : [] 
17 : [156, 159, 172] 
18 : [] 
19 : [] 
20 : [] 
21 : [] 
22 : [] 
23 : [] 
24 : [] 
25 : [] 
26 : [1, 3, 5, 6, 8, 13, 14, 16, 19, 21, 25, 26, 27, 30, 31, 33, 38, 41, 45, 53, 58, 63, 67, 72, 76, 77, 82, 83, 86, 87, 93, 97, 104, 112, 113, 120, 131, 144, 150, 171, 176, 185, 186, 188, 190] 
27 : [154, 183, 194] 
28 : [] 
29 : [] 
fitness : 32853 
