Instalações : Clientes 
0 : [0, 47, 55, 65, 72, 82, 87, 99, 106, 128, 136, 139, 153, 161, 163, 164, 170, 175] 
1 : [] 
2 : [] 
3 : [8, 31, 59, 69, 77, 83, 97, 114, 121, 149, 177, 179, 180, 195, 199] 
4 : [] 
5 : [] 
6 : [] 
7 : [1, 9, 18, 39, 80, 148, 154, 160, 190, 194, 197] 
8 : [] 
9 : [] 
10 : [] 
11 : [17, 26, 66, 75, 86, 96, 143, 150, 151, 155, 196] 
12 : [] 
13 : [] 
14 : [] 
15 : [25, 44, 74, 100, 110, 117, 122, 123, 124, 125, 134, 146, 152, 168, 181, 191, 192] 
16 : [11, 158] 
17 : [] 
18 : [] 
19 : [] 
20 : [] 
21 : [] 
22 : [] 
23 : [] 
24 : [] 
25 : [] 
26 : [] 
27 : [91, 93, 107, 113, 141, 188] 
28 : [] 
29 : [41, 43, 57, 76, 102, 109, 116, 144, 147, 162, 183, 187] 
30 : [] 
31 : [] 
32 : [] 
33 : [58, 198] 
34 : [] 
35 : [] 
36 : [5, 7, 23, 28, 35, 36, 37, 56, 84, 129, 166, 172, 173, 184] 
37 : [] 
38 : [13, 15, 34, 40, 67, 70, 71, 78, 92, 94, 120, 130] 
39 : [3, 4, 10, 29, 33, 38, 50, 53, 54, 64, 85, 127, 131, 137, 138, 140, 156, 157, 167, 174, 176, 178, 189] 
40 : [] 
41 : [6, 30, 32, 45, 51, 73, 81, 88, 105, 108, 115, 119, 126, 132, 133, 135, 169] 
42 : [] 
43 : [] 
44 : [] 
45 : [] 
46 : [] 
47 : [] 
48 : [2, 16, 24, 48, 61, 62, 68, 89, 165, 186] 
49 : [] 
50 : [] 
51 : [] 
52 : [] 
53 : [] 
54 : [] 
55 : [] 
56 : [22, 46, 52, 60, 79, 90, 95, 104, 112, 159] 
57 : [] 
58 : [] 
59 : [12, 14, 19, 20, 21, 27, 42, 49, 63, 98, 101, 103, 111, 118, 142, 145, 171, 182, 185, 193] 
fitness : 33207 
