Instalações : Clientes 
0 : [0, 1, 2, 3, 4, 5, 6, 7, 60, 75, 77, 78] 
1 : [15, 16, 17, 18, 19, 21, 22, 25, 28, 76, 79] 
2 : [] 
3 : [8, 9, 10, 11, 12, 13, 14, 20, 23, 24, 26, 27, 29, 31, 32, 33] 
4 : [30, 34, 35, 36, 37, 38, 39, 40, 41, 42, 44, 45, 46, 48, 49, 50, 52] 
5 : [] 
6 : [] 
7 : [] 
8 : [] 
9 : [] 
10 : [] 
11 : [] 
12 : [43, 51, 53, 54, 57] 
13 : [] 
14 : [] 
15 : [] 
16 : [47, 55, 56, 58, 59, 61, 62, 63, 64, 65, 66, 67, 68, 69, 70, 71, 72, 73, 74] 
17 : [] 
18 : [] 
19 : [] 
fitness : 7261 
