Instalações : Clientes 
0 : [] 
1 : [0, 29, 37, 53, 62, 65, 69, 72, 95, 105, 128, 129, 135, 142, 147, 151, 153, 170, 172, 175, 186, 197, 198] 
2 : [] 
3 : [5, 17, 21, 43, 44, 47, 56, 78, 82, 130, 157, 163, 168, 171, 173, 189, 196] 
4 : [] 
5 : [] 
6 : [1, 7, 20, 28, 45, 46, 48, 55, 61, 89, 96, 101, 108, 111, 149] 
7 : [] 
8 : [13, 33, 67, 80, 90, 102, 107, 109, 119, 124, 133, 144, 167, 177, 182] 
9 : [9, 22, 23, 42, 74, 75, 84, 87, 88, 116, 137, 146, 152, 154, 156, 164, 165, 183, 187, 190] 
10 : [15, 27, 39, 41, 57, 58, 60, 77, 79, 83, 86, 99, 122, 132, 134, 159, 162, 174, 179, 188] 
11 : [] 
12 : [] 
13 : [35, 68, 100, 115, 143, 160, 185, 191, 195] 
14 : [] 
15 : [] 
16 : [10, 193] 
17 : [] 
18 : [] 
19 : [] 
20 : [] 
21 : [14, 18, 31, 49, 66, 70, 76, 93, 104, 117, 118, 120, 125, 150, 155, 158, 161, 194, 199] 
22 : [] 
23 : [] 
24 : [] 
25 : [8, 26, 34, 54, 73, 81, 85, 91, 103, 113, 114, 121, 126, 136, 138, 140, 141, 169, 181, 192] 
26 : [50, 92, 97, 106, 127, 139, 166] 
27 : [2, 16, 24, 25, 38, 52, 123, 145, 176, 180] 
28 : [3, 4, 6, 11, 12, 19, 30, 32, 36, 40, 51, 59, 63, 64, 71, 94, 98, 110, 112, 131, 148, 178, 184] 
29 : [] 
fitness : 32119 
