Instalações : Clientes 
0 : [0] 
1 : [] 
2 : [] 
3 : [] 
4 : [87] 
5 : [27, 31, 36, 44, 48, 53, 60, 61, 74, 89, 116, 117, 118, 119, 120, 132, 147, 149] 
6 : [] 
7 : [83] 
8 : [] 
9 : [] 
10 : [] 
11 : [5, 7, 9, 19, 40, 64, 67, 73, 81, 86, 90, 102, 113, 139, 140, 148] 
12 : [] 
13 : [] 
14 : [15, 17, 25, 39, 41, 45, 47, 49, 52, 54, 56, 59, 62, 70, 71, 80, 108, 110, 123, 124, 135, 143] 
15 : [] 
16 : [] 
17 : [112] 
18 : [] 
19 : [2, 4, 11, 12, 13, 16, 20, 26, 35, 55, 77, 96, 104, 130, 141] 
20 : [138, 142, 144] 
21 : [10, 22, 32, 43, 97, 98, 127, 133] 
22 : [] 
23 : [] 
24 : [] 
25 : [1, 3, 6, 14, 23, 28, 37, 63, 65, 72, 78, 85, 91, 92, 93, 94, 101, 103, 107, 114, 122, 126, 136, 146] 
26 : [] 
27 : [21, 30, 33, 34, 51, 57, 75, 82, 84, 106, 109, 111, 115, 125, 128, 131, 145] 
28 : [121, 134] 
29 : [8, 18, 24, 29, 38, 42, 46, 50, 58, 66, 68, 69, 76, 79, 88, 95, 99, 100, 105, 129, 137] 
fitness : 17599 
