Instalações : Clientes 
0 : [] 
1 : [] 
2 : [] 
3 : [] 
4 : [0, 1, 2, 3, 4, 5, 6, 7, 8, 9, 10, 11, 12, 13, 14, 15, 16, 17, 19, 20, 21, 22, 23, 27, 32, 33, 34, 37, 39, 41, 43, 56, 58, 59, 61, 62, 63, 65, 66, 67, 68, 72, 73] 
5 : [18, 25, 26, 28, 29, 30, 49] 
6 : [] 
7 : [] 
8 : [] 
9 : [24, 45, 47] 
10 : [] 
11 : [] 
12 : [] 
13 : [31, 35, 36, 38, 40, 42, 44, 46, 48, 50, 51, 52, 53, 54, 57, 60, 64, 69, 70, 71] 
14 : [] 
15 : [] 
16 : [55, 74, 75, 76, 77, 78, 79] 
17 : [] 
18 : [] 
19 : [] 
fitness : 7385 
