Instalações : Clientes 
0 : [] 
1 : [] 
2 : [] 
3 : [] 
4 : [] 
5 : [] 
6 : [] 
7 : [] 
8 : [] 
9 : [13, 44, 52, 112, 197] 
10 : [] 
11 : [] 
12 : [] 
13 : [0, 4, 7, 14, 17, 34, 42, 49, 50, 75, 85, 98, 155, 178] 
14 : [] 
15 : [] 
16 : [] 
17 : [] 
18 : [24] 
19 : [39, 67, 72, 76, 89, 94, 107, 110, 130, 131, 140, 146, 149, 168] 
20 : [] 
21 : [] 
22 : [] 
23 : [] 
24 : [] 
25 : [35, 36, 37, 43, 48, 61, 68, 84, 102, 109, 125, 144, 147, 172, 184, 191, 192, 198] 
26 : [] 
27 : [] 
28 : [1, 6, 30, 40, 59, 63, 69, 82, 87, 93, 97, 99, 105, 106, 115, 119, 128, 132, 161, 163, 164, 169, 185, 199] 
29 : [] 
30 : [] 
31 : [] 
32 : [] 
33 : [] 
34 : [62, 86, 90, 104, 118, 148, 159, 162, 173, 187] 
35 : [] 
36 : [] 
37 : [] 
38 : [] 
39 : [11, 28, 33, 46, 56, 73, 79, 91, 95, 96, 103, 113, 127, 138, 141, 156, 157, 176, 189] 
40 : [57, 58, 64, 78, 129, 137, 143, 150, 182, 193] 
41 : [8, 21, 45, 47, 51, 55, 65, 81, 88, 135, 136, 139, 160, 170, 175, 177, 195] 
42 : [] 
43 : [] 
44 : [3, 15, 19, 26, 27, 133, 166, 188] 
45 : [] 
46 : [] 
47 : [] 
48 : [16, 41, 70, 74, 80, 116, 117, 120, 122, 134, 165, 186] 
49 : [] 
50 : [22, 25, 29, 31, 32, 83, 108, 114, 126, 167, 174, 179, 180] 
51 : [] 
52 : [] 
53 : [] 
54 : [] 
55 : [] 
56 : [] 
57 : [2, 9, 10, 18, 53, 71, 77, 92, 100, 121, 123, 124, 152, 153, 154, 181, 183, 190, 194] 
58 : [] 
59 : [5, 12, 20, 23, 38, 54, 60, 66, 101, 111, 142, 145, 151, 158, 171, 196] 
fitness : 33041 
