Instalações : Clientes 
0 : [130, 135, 148, 178, 188, 190, 192, 193, 194, 198] 
1 : [] 
2 : [] 
3 : [] 
4 : [13, 17, 26, 31, 32, 33, 35, 36, 38, 46, 48, 49, 52, 53, 54, 63, 85, 90, 96, 98, 99, 100, 104, 106, 109, 111, 126, 134, 139, 141, 142, 145, 150, 154, 163, 167, 177, 184, 185, 186, 191] 
5 : [0, 3, 27, 50, 55, 72, 77, 82, 120, 125, 136, 157, 158, 168, 174] 
6 : [] 
7 : [] 
8 : [56, 75, 79, 81, 91, 97, 107, 119, 127, 138, 147, 152, 169, 179, 187, 195] 
9 : [15, 20, 40, 42, 43, 58, 62, 80, 87, 95, 124, 155, 160, 162, 166, 189, 196] 
10 : [159] 
11 : [] 
12 : [25, 41, 57, 66, 69, 70, 86, 108, 110, 112, 123, 129, 137, 144, 151, 161, 170, 171, 176, 181, 197] 
13 : [2, 4, 7, 9, 10, 11, 12, 14, 16, 18, 21, 22, 23, 24, 28, 30, 34, 37, 39, 44, 64, 67, 71, 73, 76, 78, 83, 92, 93, 114, 115, 116, 118, 122, 128, 131, 140, 146, 149, 164, 165, 173, 175, 180, 182] 
14 : [] 
15 : [] 
16 : [] 
17 : [] 
18 : [8, 183, 199] 
19 : [1, 19, 47, 51, 59, 61, 88, 89, 103, 113, 117, 121, 133, 143] 
20 : [] 
21 : [] 
22 : [] 
23 : [] 
24 : [29] 
25 : [] 
26 : [] 
27 : [] 
28 : [] 
29 : [5, 6, 45, 60, 65, 68, 74, 84, 94, 101, 102, 105, 132, 153, 156, 172] 
fitness : 29874 
