Instalações : Clientes 
0 : [] 
1 : [] 
2 : [] 
3 : [0, 36, 37, 38, 48, 62, 70, 80, 96, 105, 125, 133, 139, 158, 159, 167, 178] 
4 : [] 
5 : [] 
6 : [] 
7 : [153, 155, 176] 
8 : [] 
9 : [] 
10 : [] 
11 : [1, 4, 9, 15, 23, 34, 39, 53, 58, 60, 68, 86, 111, 130, 135, 152, 157, 164, 183] 
12 : [] 
13 : [12, 13, 40, 43, 50, 59, 76, 85, 91, 92, 94, 101, 103, 106, 118, 134, 166, 187, 188, 193] 
14 : [] 
15 : [] 
16 : [] 
17 : [] 
18 : [] 
19 : [] 
20 : [] 
21 : [] 
22 : [10, 117, 121, 126, 128, 147, 149, 168, 182] 
23 : [] 
24 : [21, 41, 54, 67, 71, 72, 74, 77, 97, 104, 113, 114, 124, 136, 140, 173, 179] 
25 : [] 
26 : [] 
27 : [] 
28 : [3, 28, 46, 51, 52, 56, 65, 69, 90, 102, 148, 154, 162, 170, 175, 190, 194, 196] 
29 : [] 
30 : [] 
31 : [] 
32 : [24, 29, 35, 45, 66, 84, 95, 99, 120, 129, 141, 169, 174, 192, 197, 198] 
33 : [] 
34 : [] 
35 : [] 
36 : [] 
37 : [] 
38 : [11, 20, 25, 87, 100, 107, 145, 151, 161, 195] 
39 : [] 
40 : [] 
41 : [] 
42 : [] 
43 : [5, 7, 16, 22, 26, 30, 31, 32, 78, 81, 122] 
44 : [] 
45 : [6, 27, 42, 44, 49, 55, 61, 79, 83, 93, 98, 110, 112, 115, 119, 123, 131, 137, 143, 156, 160, 165, 171, 172, 184, 186] 
46 : [] 
47 : [] 
48 : [] 
49 : [] 
50 : [2, 8, 17, 18, 19, 47, 57, 64, 75, 89, 108, 142, 144, 163, 180, 189, 199] 
51 : [] 
52 : [] 
53 : [] 
54 : [] 
55 : [] 
56 : [] 
57 : [] 
58 : [14, 33, 63, 73, 82, 88, 109, 116, 127, 132, 138, 146, 150, 177, 181, 185, 191] 
59 : [] 
fitness : 31265 
