Instalações : Clientes 
0 : [16, 37, 39, 45, 46, 54, 82, 84, 85, 86, 91, 93, 94, 110, 128, 140, 148, 152, 162, 172, 193] 
1 : [] 
2 : [1, 27, 32, 33, 38, 58, 61, 78, 92, 103, 111, 133, 134, 155, 159, 165, 173, 176] 
3 : [0, 3, 4, 11, 12, 20, 22, 26, 47, 53, 63, 65, 69, 76, 80, 100, 104, 105, 107, 130, 135, 144, 164, 171, 180] 
4 : [2, 23, 44, 123, 126, 141, 170, 175, 189] 
5 : [] 
6 : [8, 154, 191, 196] 
7 : [] 
8 : [] 
9 : [] 
10 : [13, 29, 31, 40, 59, 90, 95, 114, 142, 143, 147, 149, 163, 167, 168, 179, 181, 187, 188, 190, 199] 
11 : [5, 6, 10, 17, 43, 48, 60, 62, 97, 101, 118, 120, 124, 129, 151, 157, 158, 160, 166, 178, 183] 
12 : [9, 24, 25, 72, 73, 75, 88, 98, 125, 132, 136, 139, 192] 
13 : [7, 35, 50, 71, 77, 115, 146] 
14 : [] 
15 : [14, 15, 19, 42, 49, 51, 68, 70, 96, 116, 121, 131, 150, 156, 169, 182, 184, 197, 198] 
16 : [21, 30, 56, 64, 66, 99, 109, 119, 137, 174, 186, 194] 
17 : [34, 41, 57, 87, 89, 102, 113, 117, 122, 145, 153, 185, 195] 
18 : [] 
19 : [] 
20 : [] 
21 : [] 
22 : [] 
23 : [18, 28, 36, 74, 106, 112, 138] 
24 : [] 
25 : [] 
26 : [52, 55, 67, 79, 81, 83, 108, 127, 161, 177] 
27 : [] 
28 : [] 
29 : [] 
fitness : 31717 
