Instalações : Clientes 
0 : [] 
1 : [] 
2 : [0, 45, 53, 70, 77, 78, 90, 93, 107, 122, 130, 137, 144, 197] 
3 : [] 
4 : [] 
5 : [] 
6 : [23, 33, 39, 46, 58, 92, 117, 124, 174, 182, 186] 
7 : [88, 94, 95, 111, 125, 128, 131, 148, 164, 193, 194] 
8 : [20, 49, 50, 64, 80, 99, 101, 102, 108, 110, 127, 135, 139, 150, 175, 192, 199] 
9 : [] 
10 : [29, 63, 85, 112, 115, 156, 165, 178, 190] 
11 : [1, 4, 16, 30, 43, 55, 73, 75, 86, 89, 134, 149, 162, 195] 
12 : [] 
13 : [] 
14 : [] 
15 : [7, 32, 44, 57, 66, 104, 105, 129, 136, 152, 155, 161, 170, 191] 
16 : [15, 21, 36, 38, 42, 52, 67, 69, 82, 87, 100, 103, 114, 141, 143, 167, 172, 180, 181, 187, 196, 198] 
17 : [] 
18 : [] 
19 : [] 
20 : [11, 26, 34, 56, 65, 68, 71, 79, 83, 91, 106, 113, 120, 132, 153, 157, 183, 185] 
21 : [] 
22 : [] 
23 : [2, 3, 6, 8, 9, 14, 19, 48, 54, 76, 116, 118, 121, 160, 163, 173, 188, 189] 
24 : [] 
25 : [5, 24, 25, 37, 61, 62, 74, 96, 98, 119, 133, 142, 145, 147, 179] 
26 : [] 
27 : [] 
28 : [] 
29 : [] 
30 : [] 
31 : [] 
32 : [] 
33 : [] 
34 : [] 
35 : [] 
36 : [17, 22, 28, 35, 59, 60, 109, 138, 146, 154, 159, 166, 169] 
37 : [] 
38 : [] 
39 : [] 
40 : [] 
41 : [] 
42 : [] 
43 : [] 
44 : [10, 12, 13, 18, 27, 31, 41, 47, 51, 72, 84, 97, 123, 151, 158, 168, 176] 
45 : [] 
46 : [] 
47 : [] 
48 : [40, 81, 126, 140, 171, 177, 184] 
49 : [] 
50 : [] 
51 : [] 
52 : [] 
53 : [] 
54 : [] 
55 : [] 
56 : [] 
57 : [] 
58 : [] 
59 : [] 
fitness : 33746 
