Instalações : Clientes 
0 : [] 
1 : [] 
2 : [] 
3 : [] 
4 : [] 
5 : [] 
6 : [] 
7 : [38] 
8 : [3, 4, 6, 8, 10, 11, 25, 27, 28, 33, 34, 35, 36, 37, 40, 44, 47, 49, 52, 53, 54, 55, 56, 57, 58, 59, 67, 81, 82, 83, 84, 85, 86, 87, 88, 89, 90, 94] 
9 : [] 
10 : [] 
11 : [0, 1, 2, 5, 7, 9, 22, 29, 60, 61, 62, 63, 64, 65, 66, 68, 71, 73, 74, 97] 
12 : [] 
13 : [16, 18, 69, 70, 72, 75, 76, 77, 78, 79, 80, 91, 93, 96] 
14 : [] 
15 : [95, 98, 99] 
16 : [] 
17 : [] 
18 : [] 
19 : [12, 13, 14, 15, 17, 19, 20, 21, 23, 24, 26, 30, 31, 32, 39, 41, 42, 43, 45, 46, 48, 50, 51, 92] 
fitness : 10604 
