Instalações : Clientes 
0 : [] 
1 : [] 
2 : [8, 15, 16, 17, 18, 19, 20, 21, 22, 23, 24, 25, 26, 27, 28, 29, 31, 33, 34] 
3 : [] 
4 : [] 
5 : [] 
6 : [35, 36, 37, 38] 
7 : [30, 39, 40, 41, 43, 44, 45, 46, 47, 48, 49, 50, 51, 52, 53, 54, 55, 56, 57, 58, 59, 62] 
8 : [] 
9 : [65, 68, 69, 71, 72, 76, 79] 
10 : [] 
11 : [] 
12 : [] 
13 : [42, 60, 61, 63, 66, 67, 70, 75, 77, 78, 80, 81, 85, 86, 92] 
14 : [] 
15 : [0, 32, 64, 73, 74, 82, 83, 84, 87, 88, 89, 90] 
16 : [] 
17 : [1, 2, 3, 4, 5, 6, 7, 9, 10, 11, 12, 13, 14, 91, 93, 94, 95, 96, 97, 98, 99] 
18 : [] 
19 : [] 
fitness : 8738 
