Instalações : Clientes 
0 : [0, 141, 154, 163, 181, 190, 196] 
1 : [1, 3, 8, 15, 16, 20, 22, 29, 31, 49, 50, 53, 86, 105, 127, 136, 137, 165, 175, 178, 197] 
2 : [] 
3 : [11, 17, 23, 39, 42, 74, 82, 85, 87, 99, 130, 132, 134, 157, 159, 171, 179, 188, 189] 
4 : [28, 35, 45, 89, 111, 115, 143, 183, 191] 
5 : [] 
6 : [56, 61, 68, 78, 96, 100, 101, 103, 113, 114, 116, 121, 126, 139] 
7 : [] 
8 : [2, 12, 18, 40, 52, 65, 67, 80, 95, 102, 106, 117, 119, 124, 149, 170, 182, 184] 
9 : [] 
10 : [] 
11 : [30, 33, 51, 69, 70, 71, 104, 109, 110, 118, 133, 142, 153, 168, 186, 194] 
12 : [] 
13 : [] 
14 : [] 
15 : [] 
16 : [] 
17 : [75, 84, 162, 164, 173, 177] 
18 : [9, 27, 41, 43, 44, 47, 57, 60, 66, 83, 128, 146, 152, 156, 161, 187, 193] 
19 : [6, 7, 14, 24, 34, 36, 37, 38, 48, 63, 81, 91, 92, 97, 123, 129, 138, 145, 180, 198] 
20 : [160, 166, 169, 185, 192, 195] 
21 : [5, 10, 21, 26, 46, 55, 58, 62, 72, 88, 93, 107, 120, 122, 135, 147, 151, 155, 158, 172] 
22 : [] 
23 : [] 
24 : [] 
25 : [] 
26 : [] 
27 : [] 
28 : [4, 19, 25, 32, 54, 59, 64, 73, 90, 94, 98, 108, 112, 131, 140, 144, 148, 167, 176] 
29 : [13, 76, 77, 79, 125, 150, 174, 199] 
fitness : 31778 
