Instalações : Clientes 
0 : [] 
1 : [0, 166] 
2 : [2, 3, 6, 13, 17, 27, 33, 42, 47, 49, 50, 58, 75, 85, 98, 104, 133, 155, 161] 
3 : [] 
4 : [] 
5 : [] 
6 : [] 
7 : [] 
8 : [45, 74, 78, 82, 91, 93, 121, 125, 141, 160, 177, 179, 190] 
9 : [] 
10 : [] 
11 : [12, 38, 56, 66, 86, 129, 142, 143, 150, 193, 196] 
12 : [] 
13 : [] 
14 : [] 
15 : [] 
16 : [] 
17 : [] 
18 : [] 
19 : [18, 92, 94, 107, 122, 124, 146, 148, 152, 154, 170, 194] 
20 : [] 
21 : [] 
22 : [] 
23 : [] 
24 : [71, 117, 120, 134, 181, 186] 
25 : [36, 41, 44, 48, 57, 61, 62, 68, 76, 80, 84, 102, 109, 116, 144, 162, 183, 187, 191] 
26 : [] 
27 : [24, 188, 195] 
28 : [] 
29 : [] 
30 : [] 
31 : [] 
32 : [] 
33 : [] 
34 : [16, 28, 52, 53, 60, 63, 79, 90, 95, 131, 137, 140, 159, 168, 198] 
35 : [] 
36 : [] 
37 : [] 
38 : [] 
39 : [1, 8, 9, 21, 25, 31, 32, 46, 77, 103, 118, 119, 127, 135, 153, 156, 157, 176] 
40 : [] 
41 : [51, 55, 59, 65, 69, 87, 88, 105, 106, 128, 136, 139, 163, 164, 169, 175, 199] 
42 : [] 
43 : [] 
44 : [26, 29, 99, 111, 115, 138, 178] 
45 : [] 
46 : [] 
47 : [] 
48 : [] 
49 : [4, 5, 7, 10, 19, 23, 35, 37, 43, 96, 100, 101, 110, 130, 172, 173, 184] 
50 : [73, 81, 97, 108, 113, 114, 126, 132, 180] 
51 : [] 
52 : [] 
53 : [] 
54 : [] 
55 : [] 
56 : [15, 22, 40, 67, 70, 72, 83, 89, 112, 123, 147, 149, 165, 192, 197] 
57 : [] 
58 : [] 
59 : [11, 14, 20, 30, 34, 39, 54, 64, 145, 151, 158, 167, 171, 174, 182, 185, 189] 
fitness : 33977 
