Instalações : Clientes 
0 : [2, 155, 161] 
1 : [16, 81, 133, 140, 141, 153, 189, 198] 
2 : [17, 45, 66, 90, 92, 100, 107, 117, 124, 130, 144, 146, 152, 186, 191] 
3 : [] 
4 : [] 
5 : [] 
6 : [] 
7 : [] 
8 : [] 
9 : [58, 64, 67, 71, 121, 136, 149, 160] 
10 : [] 
11 : [] 
12 : [] 
13 : [9, 18, 36, 41, 44, 56, 59, 97, 122, 137, 158, 166] 
14 : [6, 7, 11, 19, 22, 23, 32, 50, 53, 55, 60, 109, 132, 143, 154, 156] 
15 : [] 
16 : [0, 4, 10, 13, 15, 21, 25, 26, 31, 42, 47, 54, 62, 68, 74, 79, 108, 113, 118, 138, 151, 169, 196, 197] 
17 : [] 
18 : [77, 78, 104, 105, 129, 150] 
19 : [] 
20 : [34, 39, 40, 52, 63, 65, 85, 88, 116, 126, 142, 157, 165, 172, 185] 
21 : [] 
22 : [] 
23 : [] 
24 : [3, 38, 43, 48, 75, 83, 91, 102, 106, 112, 115, 127, 194] 
25 : [76, 84, 87, 95, 98, 110, 111, 125, 135, 139, 145] 
26 : [14, 162, 163, 164, 173, 184, 193, 195] 
27 : [] 
28 : [] 
29 : [] 
30 : [] 
31 : [] 
32 : [] 
33 : [] 
34 : [5, 12, 49, 70, 86, 93, 119, 167, 168, 170] 
35 : [] 
36 : [] 
37 : [] 
38 : [] 
39 : [] 
40 : [] 
41 : [120, 171, 177] 
42 : [] 
43 : [] 
44 : [1, 8, 24, 27, 29, 33, 35, 46, 57, 69, 114, 123, 147, 159, 174, 175, 176, 181, 182, 199] 
45 : [103, 178, 188] 
46 : [] 
47 : [30, 37, 61, 73, 82, 89, 94, 134, 148, 183, 190] 
48 : [] 
49 : [] 
50 : [] 
51 : [] 
52 : [] 
53 : [20, 28, 51, 72, 80, 96, 99, 101, 128, 131, 179, 180, 187, 192] 
54 : [] 
55 : [] 
56 : [] 
57 : [] 
58 : [] 
59 : [] 
fitness : 34267 
