Instalações : Clientes 
0 : [] 
1 : [] 
2 : [] 
3 : [4, 13, 14, 15, 26, 30, 31, 70, 78, 80, 96, 125, 133, 139, 142, 155, 176, 184] 
4 : [44, 49, 52, 56, 79, 84, 90, 98, 112, 119, 141, 148, 156, 169] 
5 : [41, 42, 54, 67, 71, 77, 85, 93, 113, 132, 134, 136, 166, 170, 174, 179, 180] 
6 : [0, 10, 43, 86, 106, 117, 131, 161, 189, 195] 
7 : [] 
8 : [] 
9 : [] 
10 : [] 
11 : [7, 9, 18, 21, 25, 28, 39, 53, 57, 65, 89, 97, 102, 124, 130, 135, 163, 164, 183] 
12 : [] 
13 : [1, 3, 8, 12, 20, 24, 29, 36, 40, 60, 76, 94, 157, 173, 187, 193, 196, 199] 
14 : [] 
15 : [] 
16 : [] 
17 : [] 
18 : [] 
19 : [] 
20 : [] 
21 : [] 
22 : [] 
23 : [] 
24 : [] 
25 : [] 
26 : [] 
27 : [] 
28 : [46, 47, 48, 51, 58, 69, 91, 101, 104, 111, 114, 144, 154, 162, 175, 190, 194] 
29 : [] 
30 : [] 
31 : [] 
32 : [11, 19, 27, 35, 45, 55, 59, 72, 95, 103, 110, 118, 120, 129, 140, 152, 160, 171, 197, 198] 
33 : [] 
34 : [] 
35 : [38, 82, 105, 127, 145, 146, 151, 153, 158, 167] 
36 : [2, 5, 6, 16, 17, 33, 37, 68, 75, 81, 92, 122, 128, 138, 143, 149, 178, 181, 182, 185] 
37 : [] 
38 : [] 
39 : [] 
40 : [] 
41 : [] 
42 : [] 
43 : [] 
44 : [] 
45 : [] 
46 : [] 
47 : [] 
48 : [] 
49 : [] 
50 : [] 
51 : [66, 99, 123, 137, 186, 192] 
52 : [22, 23, 32, 61, 62, 63, 64, 83, 100, 115, 121, 126, 147, 165, 168, 172, 188] 
53 : [] 
54 : [] 
55 : [] 
56 : [] 
57 : [] 
58 : [34, 50, 73, 74, 87, 88, 107, 108, 109, 116, 150, 159, 177, 191] 
59 : [] 
fitness : 31819 
