Instalações : Clientes 
0 : [130, 163, 182, 188, 190, 191, 192, 198] 
1 : [113, 114, 117, 157, 158, 159] 
2 : [] 
3 : [] 
4 : [2, 3, 4, 6, 7, 8, 10, 13, 14, 16, 17, 18, 19, 20, 21, 26, 27, 28, 31, 33, 35, 36, 37, 38, 47, 48, 51, 58, 59, 61, 64, 67, 71, 72, 75, 77, 82, 85, 87, 89, 90, 91, 92, 98, 100, 103, 106, 107, 109, 111, 116, 118, 119, 126, 140, 142, 143, 144, 146, 147, 150, 154, 183, 193] 
5 : [] 
6 : [] 
7 : [] 
8 : [] 
9 : [25, 42, 43, 70, 80, 95, 110, 123, 124, 134, 155, 160, 161, 162, 181, 189] 
10 : [] 
11 : [] 
12 : [39, 49, 50, 55, 65, 94, 101, 105, 108, 115, 129, 149, 151, 171, 197] 
13 : [] 
14 : [] 
15 : [34, 127, 138, 139, 148, 167, 179, 187] 
16 : [] 
17 : [] 
18 : [44, 45, 53, 78, 93, 121, 122, 128, 132, 133, 164, 165, 173, 177, 199] 
19 : [] 
20 : [] 
21 : [9, 11, 15, 23, 29, 32, 40, 56, 62, 63, 66, 69, 73, 83, 86, 97, 175] 
22 : [57, 180] 
23 : [131] 
24 : [] 
25 : [] 
26 : [0, 1, 5, 22, 30, 79, 81, 112, 137, 141, 145, 152, 166, 169, 170, 176, 185, 195] 
27 : [12, 46, 52, 54, 76, 88, 96, 99, 104, 135, 178, 184, 186, 194] 
28 : [] 
29 : [24, 41, 60, 68, 74, 84, 102, 120, 125, 136, 153, 156, 168, 172, 174, 196] 
fitness : 31342 
