Instalações : Clientes 
0 : [] 
1 : [0, 1, 2, 3, 4, 5, 6, 7, 8, 9, 10, 11, 12, 13, 15, 16, 17, 19, 79] 
2 : [] 
3 : [] 
4 : [14, 20, 21, 22, 23, 25, 26, 28, 29, 30, 31, 33, 37, 39, 54, 56, 58, 60] 
5 : [18] 
6 : [] 
7 : [] 
8 : [] 
9 : [24, 27, 34, 35, 38, 40, 41, 52] 
10 : [] 
11 : [32, 36, 42, 43, 44, 45, 46, 47, 48, 49, 50, 51, 53, 55, 57, 59, 69] 
12 : [] 
13 : [] 
14 : [] 
15 : [] 
16 : [] 
17 : [61, 62, 63, 64, 65, 66, 67, 68, 70, 71, 72, 73, 74, 75, 76, 77, 78] 
18 : [] 
19 : [] 
fitness : 7426 
