Instalações : Clientes 
0 : [] 
1 : [] 
2 : [] 
3 : [] 
4 : [] 
5 : [] 
6 : [65, 82, 87, 190] 
7 : [] 
8 : [] 
9 : [] 
10 : [] 
11 : [] 
12 : [] 
13 : [] 
14 : [6, 9, 47, 55, 69, 77, 81, 99, 115, 128, 132, 139, 161, 163] 
15 : [] 
16 : [] 
17 : [] 
18 : [] 
19 : [13, 70, 74, 100, 117, 123, 149, 181, 188, 197] 
20 : [5, 58, 86, 90, 96, 101, 104, 129, 145, 166, 172, 184, 187] 
21 : [] 
22 : [] 
23 : [] 
24 : [] 
25 : [19, 28, 41, 48, 53, 61, 62, 68, 76, 80, 95, 102, 109, 110, 116, 130, 134, 144, 147, 162, 168, 174, 183, 192] 
26 : [0, 4, 7, 12, 42, 56, 66, 85, 98, 143, 150, 151, 185] 
27 : [24, 29, 31, 73, 97, 103, 107, 148, 160, 170, 179, 195] 
28 : [] 
29 : [] 
30 : [] 
31 : [] 
32 : [] 
33 : [] 
34 : [46, 52, 60, 75, 79, 91, 137, 141, 159] 
35 : [] 
36 : [] 
37 : [8, 72, 106, 114, 180] 
38 : [] 
39 : [] 
40 : [1, 21, 26, 38, 63, 64, 118, 131, 133, 142, 167, 171, 193, 196] 
41 : [27, 30, 32, 45, 51, 88, 94, 105, 108, 113, 126, 136, 153, 164, 169, 175, 199] 
42 : [] 
43 : [] 
44 : [] 
45 : [] 
46 : [] 
47 : [] 
48 : [] 
49 : [] 
50 : [] 
51 : [16, 23, 25, 35, 36, 37, 43, 57, 84, 125, 173] 
52 : [] 
53 : [] 
54 : [17, 138, 155, 156, 157] 
55 : [] 
56 : [15, 22, 34, 40, 44, 67, 83, 89, 93, 112, 121, 124, 140, 154, 165, 182, 198] 
57 : [2, 18, 71, 78, 92, 120, 122, 146, 152, 186, 191, 194] 
58 : [] 
59 : [3, 10, 11, 14, 20, 33, 39, 49, 50, 54, 59, 111, 119, 127, 135, 158, 176, 177, 178, 189] 
fitness : 34070 
