Instalações : Clientes 
0 : [0, 1, 37, 45, 46, 82, 86, 91, 110, 123, 128, 133, 174, 189, 193] 
1 : [] 
2 : [27, 30, 32, 33, 39, 53, 55, 61, 78, 79, 92, 103, 108, 148, 155, 161, 165, 173, 176, 188] 
3 : [3, 4, 5, 7, 9, 10, 16, 18, 23, 47, 58, 60, 63, 74, 76, 85, 98, 100, 102, 105, 116, 127, 134, 135, 142, 167, 181, 185, 195, 199] 
4 : [] 
5 : [] 
6 : [28, 196] 
7 : [] 
8 : [] 
9 : [] 
10 : [6, 11, 20, 49, 65, 95, 104, 114, 120, 122, 129, 143, 144, 149, 156, 163, 168, 179, 182, 187] 
11 : [35, 36, 40, 43, 51, 59, 71, 80, 90, 96, 97, 107, 115, 147, 150, 153, 157, 180, 190, 197] 
12 : [21, 25, 34, 38, 72, 73, 75, 88, 113, 119, 125, 132, 136, 139, 152, 162, 186, 192, 194] 
13 : [] 
14 : [] 
15 : [] 
16 : [] 
17 : [8, 13, 22, 31, 41, 87, 101, 145, 158] 
18 : [] 
19 : [17, 24, 62, 89, 106, 117, 118, 121, 124, 146, 151, 160, 166, 171, 178, 183, 184, 191] 
20 : [26, 29, 57, 112, 138, 154, 164] 
21 : [] 
22 : [] 
23 : [] 
24 : [] 
25 : [] 
26 : [15, 19, 42, 52, 68, 81, 83, 111, 131, 159] 
27 : [] 
28 : [2, 12, 44, 54, 56, 64, 66, 84, 93, 94, 99, 109, 126, 137, 140, 141, 170, 172, 175] 
29 : [14, 48, 50, 67, 69, 70, 77, 130, 169, 177, 198] 
fitness : 30158 
