Instalações : Clientes 
0 : [3, 188] 
1 : [] 
2 : [0] 
3 : [116, 136, 154, 170, 173, 175] 
4 : [1, 177, 178, 180, 182, 193] 
5 : [164, 174] 
6 : [] 
7 : [] 
8 : [152] 
9 : [] 
10 : [] 
11 : [14] 
12 : [51, 55, 60, 63, 65, 70, 72, 73, 76, 77, 78, 82, 86, 89, 90, 92, 93, 95, 96, 98, 99, 100, 101, 102, 103, 106, 108, 110, 113, 115, 119, 121, 123, 125, 126, 129, 130, 133, 135, 137, 138, 139, 143, 147, 149, 151, 153, 156, 157, 158, 162, 171, 176, 181, 196, 197] 
13 : [] 
14 : [] 
15 : [] 
16 : [] 
17 : [] 
18 : [57] 
19 : [] 
20 : [184] 
21 : [] 
22 : [] 
23 : [] 
24 : [44] 
25 : [] 
26 : [2, 4, 5, 6, 7, 8, 9, 10, 11, 12, 13, 15, 16, 17, 18, 19, 20, 21, 22, 23, 24, 25, 26, 27, 28, 29, 30, 31, 32, 33, 34, 35, 36, 37, 38, 39, 40, 41, 42, 43, 46, 47, 48, 49, 50, 52, 53, 54, 56, 58, 59, 61, 62, 64, 66, 67, 68, 69, 71, 74, 75, 79, 80, 81, 83, 84, 85, 87, 88, 91, 94, 97, 104, 105, 107, 109, 111, 112, 114, 117, 118, 120, 122, 124, 127, 128, 131, 132, 134, 140, 141, 142, 144, 145, 146, 148, 150, 155, 159, 160, 161, 163, 166, 167, 169, 179, 183, 185, 186, 187, 189, 190, 191, 192, 194, 195, 198, 199] 
27 : [] 
28 : [] 
29 : [45, 165, 168, 172] 
fitness : 30976 
