Instalações : Clientes 
0 : [] 
1 : [] 
2 : [] 
3 : [1, 3, 6, 9, 16, 20, 21, 33, 34, 65, 77, 95, 98, 102, 103, 122, 135, 141, 157, 180] 
4 : [] 
5 : [57, 72, 87, 93, 110, 124, 133, 139, 142, 144, 145, 165, 176] 
6 : [] 
7 : [] 
8 : [] 
9 : [0, 32, 46, 51, 62, 74, 125, 127, 149, 151, 170, 183, 195, 196] 
10 : [22, 24, 25, 30, 40, 75, 79, 82, 86, 94, 108, 131, 140, 171, 172, 188, 191] 
11 : [2, 13, 28, 35, 42, 49, 60, 68, 69, 71, 78, 85, 92, 104, 105, 107, 114, 148, 155, 159, 162, 167, 168, 178, 185, 187, 192] 
12 : [] 
13 : [11, 153, 164, 181, 194] 
14 : [] 
15 : [] 
16 : [] 
17 : [50, 55, 63, 73, 116, 123, 128, 129, 134, 152, 154, 160, 175, 177, 198] 
18 : [] 
19 : [] 
20 : [53, 66, 83, 156, 158] 
21 : [10, 14, 18, 23, 29, 48, 58, 70, 76, 90, 97, 106, 112, 113, 130, 150, 169, 193] 
22 : [] 
23 : [5, 7, 12, 27, 31, 37, 44, 47, 52, 59, 61, 67, 81, 84, 88, 89, 101, 109, 117, 126, 173, 179] 
24 : [] 
25 : [45, 64, 118, 132, 136, 137, 143, 147, 184, 186, 189] 
26 : [4, 8, 26, 39, 54, 80, 96, 99, 100, 111, 115, 119, 138, 146, 161, 166, 190] 
27 : [15, 17, 19, 36, 38, 41, 43, 56, 91, 120, 121, 163, 174, 182, 197, 199] 
28 : [] 
29 : [] 
fitness : 33176 
