Instalações : Clientes 
0 : [34, 138, 142, 154, 157, 165, 166, 169, 176, 181, 190] 
1 : [6, 16, 31, 39, 53, 62, 64, 65, 95, 103, 110, 120, 128, 136, 149, 156, 168, 170, 172, 178, 194, 197] 
2 : [] 
3 : [5, 9, 15, 27, 43, 60, 66, 75, 130, 137, 146, 163, 171, 196] 
4 : [] 
5 : [] 
6 : [0, 7, 24, 45, 48, 50, 61, 68, 85, 89, 97, 101, 111, 115, 127, 139, 143, 185, 191] 
7 : [] 
8 : [12, 14, 18, 21, 29, 30, 32, 37, 40, 44, 47, 49, 55, 58, 67, 69, 107, 122, 124, 167, 173, 182, 186] 
9 : [] 
10 : [3, 8, 11, 41, 42, 56, 72, 74, 79, 83, 84, 86, 87, 99, 116, 132, 134, 164, 179, 187, 188] 
11 : [] 
12 : [71, 88, 109, 133, 155] 
13 : [] 
14 : [] 
15 : [] 
16 : [] 
17 : [] 
18 : [1, 76, 77, 93, 102, 125, 152, 158, 161, 174, 175, 193, 199] 
19 : [] 
20 : [126, 129, 141, 160, 183, 192, 195] 
21 : [] 
22 : [19, 33, 46, 70, 80, 104, 117, 118, 119, 150, 151, 153, 184] 
23 : [17, 22, 57, 82, 105, 147, 162, 189] 
24 : [10, 13] 
25 : [20, 25, 26, 35, 52, 78, 91, 92, 96, 100, 106, 108, 113, 114, 121, 123, 135, 140, 145, 159] 
26 : [23] 
27 : [] 
28 : [2, 4, 28, 36, 38, 51, 54, 59, 63, 73, 81, 90, 94, 98, 112, 131, 144, 148, 177, 180, 198] 
29 : [] 
fitness : 32690 
