Instalações : Clientes 
0 : [0, 9, 13, 15, 16, 17, 19, 26, 34, 35, 40, 45, 52, 56, 60, 67, 80, 83, 84, 85, 101, 102, 104, 130, 139, 140, 143] 
1 : [] 
2 : [11, 39, 47, 49, 70, 71, 75, 82, 88, 96, 112] 
3 : [] 
4 : [] 
5 : [5, 27, 28, 36, 44, 53, 61, 74, 79, 91, 116, 118, 119, 126, 132, 147, 149] 
6 : [] 
7 : [2, 3, 4, 12, 25, 58, 81, 90, 108, 111, 125, 134, 141] 
8 : [] 
9 : [] 
10 : [] 
11 : [7, 8, 14, 20, 21, 23, 30, 38, 48, 51, 54, 64, 65, 73, 77, 78, 86, 87, 92, 99, 103, 106, 107, 113, 120, 121, 124, 136, 148] 
12 : [] 
13 : [] 
14 : [41, 109, 110, 123, 135, 138, 142, 144] 
15 : [] 
16 : [] 
17 : [] 
18 : [] 
19 : [] 
20 : [] 
21 : [] 
22 : [10, 22, 24, 29, 37, 42, 46, 50, 66, 68, 69, 76, 95, 97, 115, 117, 127, 129, 133] 
23 : [] 
24 : [] 
25 : [1, 6, 18, 31, 32, 33, 43, 55, 57, 59, 62, 63, 72, 89, 93, 94, 98, 100, 105, 114, 122, 128, 131, 137, 145, 146] 
26 : [] 
27 : [] 
28 : [] 
29 : [] 
fitness : 19997 
