Instalações : Clientes 
0 : [0, 27, 78, 88, 94, 98, 140, 191, 192] 
1 : [6, 32, 41, 173] 
2 : [7, 10, 39, 43, 45, 57, 74, 89, 109, 143, 155, 161, 178, 189] 
3 : [1, 8, 9, 19, 20, 33, 34, 51, 62, 71, 77, 86, 95, 122, 135, 141, 149, 157, 170, 180, 187] 
4 : [] 
5 : [5, 12, 22, 25, 30, 31, 47, 81, 108, 110, 129, 132, 137] 
6 : [] 
7 : [] 
8 : [] 
9 : [16, 46, 56, 60, 102, 105, 148, 151, 159, 164, 195] 
10 : [] 
11 : [11, 15, 28, 35, 42, 53, 59, 65, 68, 69, 92, 103, 104, 114, 121, 125, 127, 136, 167, 183, 185, 194, 196] 
12 : [] 
13 : [38, 87, 93, 133, 145, 156, 163, 168, 174, 181, 182, 197] 
14 : [] 
15 : [] 
16 : [] 
17 : [36, 55, 63, 80, 90, 113, 123, 128, 130, 150, 152, 154, 175, 198] 
18 : [] 
19 : [] 
20 : [] 
21 : [4, 13, 14, 23, 58, 70, 84, 96, 97, 99, 112, 116, 134, 144, 160, 177, 193] 
22 : [] 
23 : [3, 24, 40, 44, 48, 52, 61, 67, 75, 82, 117, 118, 126, 131, 147, 165, 166, 172, 179, 186, 188] 
24 : [] 
25 : [21, 64, 79, 85, 107, 139, 171, 176] 
26 : [2, 18, 26, 29, 37, 50, 54, 73, 76, 100, 101, 106, 111, 115, 119, 138, 146, 169, 184, 190, 199] 
27 : [] 
28 : [17, 49, 66, 72, 83, 91, 120, 124, 142, 153, 158, 162] 
29 : [] 
fitness : 34221 
