Instalações : Clientes 
0 : [] 
1 : [] 
2 : [] 
3 : [10] 
4 : [0, 1, 2, 3, 4, 5, 6, 7, 8, 9, 11, 12, 13, 15, 16, 17, 19, 31, 34, 35, 38, 39, 40, 41, 59, 60, 62, 63, 66, 68] 
5 : [14, 18, 20, 21, 22, 23, 24, 25, 26, 27, 28, 29, 30, 32, 36, 37] 
6 : [] 
7 : [] 
8 : [33, 43, 44, 46, 47] 
9 : [] 
10 : [] 
11 : [] 
12 : [] 
13 : [42, 45, 48, 49, 50, 51, 52, 53, 54, 56, 57, 58, 61, 64, 65, 67] 
14 : [] 
15 : [] 
16 : [] 
17 : [55, 69, 70, 71, 72, 73, 74, 75, 76, 77, 78, 79] 
18 : [] 
19 : [] 
fitness : 7202 
