Instalações : Clientes 
0 : [] 
1 : [] 
2 : [] 
3 : [] 
4 : [1, 170] 
5 : [] 
6 : [] 
7 : [] 
8 : [] 
9 : [] 
10 : [2, 63, 71, 100, 153, 157, 185, 194, 196] 
11 : [] 
12 : [6, 27, 136, 169, 182, 197] 
13 : [] 
14 : [] 
15 : [] 
16 : [7, 18, 19, 20, 24, 25, 31, 36, 37, 43, 48, 88, 122, 127, 143, 150, 151, 172, 174, 175, 177, 181] 
17 : [] 
18 : [9, 17, 53, 56, 79, 107, 117, 141, 152, 155] 
19 : [] 
20 : [] 
21 : [] 
22 : [11, 29, 45, 50, 103, 104, 113, 124, 154] 
23 : [76, 82, 87, 89, 95, 111, 118, 139, 147, 148, 160, 167, 193] 
24 : [40, 47, 52, 65, 75, 102, 112, 115, 140, 188, 189] 
25 : [70, 80, 84, 99, 110, 123, 128, 131, 135, 145] 
26 : [3, 14, 15, 26, 30, 34, 38, 54, 55, 74, 81, 108, 149, 163, 164, 166, 173, 183] 
27 : [12, 21, 41, 57, 58, 64, 72, 85, 93, 105, 130, 138, 156, 158, 180] 
28 : [] 
29 : [33, 67, 68, 92, 129, 191] 
30 : [] 
31 : [] 
32 : [] 
33 : [] 
34 : [] 
35 : [] 
36 : [0, 8, 22, 32, 39, 42, 44, 46, 59, 69, 78, 106, 146, 168, 184] 
37 : [] 
38 : [] 
39 : [] 
40 : [16, 83, 91, 109, 116, 120, 126, 132, 142, 165, 171] 
41 : [] 
42 : [] 
43 : [] 
44 : [4, 5, 28, 35, 49, 60, 62, 96, 98, 101, 133, 159, 176, 179, 187, 190, 192, 198, 199] 
45 : [] 
46 : [51, 97, 119, 161] 
47 : [] 
48 : [] 
49 : [] 
50 : [] 
51 : [61, 73, 86, 94, 121, 125, 134, 162, 195] 
52 : [10, 13, 23, 66, 77, 90, 114, 137, 144, 178, 186] 
53 : [] 
54 : [] 
55 : [] 
56 : [] 
57 : [] 
58 : [] 
59 : [] 
fitness : 34491 
