Instalações : Clientes 
0 : [16, 23, 46, 84, 86, 88, 91, 93, 100, 110, 123, 133, 134, 148, 155, 172, 174, 175, 176, 192, 193] 
1 : [] 
2 : [12, 27, 30, 32, 33, 39, 52, 58, 61, 66, 78, 82, 92, 94, 109, 111, 128, 159, 162, 165, 173] 
3 : [0, 2, 3, 4, 8, 13, 21, 31, 38, 60, 63, 65, 73, 74, 76, 80, 85, 87, 102, 104, 105, 113, 125, 135, 143, 153, 154, 171, 181, 182, 185, 190, 191] 
4 : [] 
5 : [] 
6 : [] 
7 : [] 
8 : [] 
9 : [] 
10 : [34, 90, 95, 107, 112, 114, 130, 138, 144, 158, 163, 168, 180] 
11 : [5, 6, 9, 26, 29, 89, 97, 106, 117, 118, 145, 147, 151, 160, 183] 
12 : [] 
13 : [40, 115, 116, 124, 149, 167, 179] 
14 : [1, 18, 41, 44, 47, 54, 62, 72, 119, 152] 
15 : [14, 15, 17, 19, 42, 49, 50, 51, 131, 142, 150, 156, 169, 177, 178, 184] 
16 : [] 
17 : [] 
18 : [] 
19 : [] 
20 : [] 
21 : [] 
22 : [] 
23 : [28, 36, 57, 75, 98, 101, 132, 139, 164, 195, 196, 199] 
24 : [10, 20, 22, 35, 43, 59, 71, 96, 120, 121, 122, 129, 146, 157, 166, 187, 188, 197] 
25 : [] 
26 : [] 
27 : [79, 81, 103, 127, 161] 
28 : [24, 25, 37, 45, 56, 64, 99, 126, 136, 137, 140, 141, 170, 186, 189, 194] 
29 : [7, 11, 48, 53, 55, 67, 68, 69, 70, 77, 83, 108, 198] 
fitness : 32334 
