Instalações : Clientes 
0 : [32, 51, 52, 53, 71, 75, 79, 94, 95, 105, 132, 140, 141] 
1 : [] 
2 : [] 
3 : [] 
4 : [15, 24, 26, 45, 128, 142, 144, 164, 178, 190] 
5 : [] 
6 : [] 
7 : [0, 2, 6, 8, 11, 14, 83, 85, 87, 120, 133, 168, 194, 197] 
8 : [] 
9 : [1, 46, 62, 77, 102, 127, 149, 151, 157, 170, 183, 195] 
10 : [] 
11 : [9, 20, 28, 33, 34, 35, 39, 42, 60, 65, 74, 98, 103, 104, 107, 109, 114, 122, 148, 158, 159, 187, 192] 
12 : [] 
13 : [] 
14 : [] 
15 : [10, 18, 23, 29, 36, 55, 58, 69, 80, 96, 145, 163, 167, 174, 175] 
16 : [3, 22, 25, 27, 40, 44, 64, 82, 86, 88, 100, 101, 108, 110, 131, 172, 173] 
17 : [] 
18 : [] 
19 : [] 
20 : [49, 91, 92, 93, 125, 185] 
21 : [4, 73, 90, 97, 113, 116, 123, 130, 134, 152, 154, 160, 177, 184] 
22 : [] 
23 : [5, 7, 12, 30, 31, 47, 59, 61, 67, 81, 89, 117, 126, 143, 171, 176, 180, 186, 188, 191] 
24 : [] 
25 : [] 
26 : [37, 48, 50, 57, 76, 84, 99, 106, 111, 115, 118, 129, 137, 138, 139, 146, 147, 150, 165, 166, 169, 179, 193, 196] 
27 : [21, 41, 43, 54, 56, 68, 78, 112, 119, 121, 136, 161, 189, 198, 199] 
28 : [13, 17, 19, 38, 63, 66, 70, 72, 124, 153, 155, 156, 162, 181, 182] 
29 : [16, 135] 
fitness : 34193 
