Instalações : Clientes 
0 : [] 
1 : [35, 36, 41, 43, 45, 47, 49, 81, 85, 87, 127, 168, 170, 172, 192, 198, 199] 
2 : [51, 57, 103, 108, 112, 119, 135, 137, 149, 155, 161, 163, 179, 190, 191] 
3 : [] 
4 : [] 
5 : [10, 37, 38, 65, 70, 73, 88, 95, 109, 121, 131, 134, 141, 152, 154, 157, 169] 
6 : [] 
7 : [] 
8 : [82, 107, 177, 197] 
9 : [5, 9, 14, 18, 19, 25, 29, 59, 63, 72, 102, 113, 133, 138, 144, 158, 162, 182] 
10 : [] 
11 : [] 
12 : [] 
13 : [2, 4, 13, 20, 30, 33, 42, 44, 46, 48, 53, 55, 64, 66, 74, 86, 89, 96, 99, 116, 146, 176, 184, 189, 193] 
14 : [78, 92, 105, 115, 123, 128, 129, 136, 151, 153, 165, 174, 180, 187, 196] 
15 : [] 
16 : [75, 94, 100, 111, 114, 117, 159, 164] 
17 : [] 
18 : [] 
19 : [] 
20 : [0, 1, 3, 6, 7, 12, 16, 22, 23, 24, 28, 31, 32, 34, 40, 52, 58, 71, 79, 80, 83, 84, 91, 98, 110, 122, 156, 167, 175] 
21 : [] 
22 : [] 
23 : [50, 62, 124, 140, 142, 183, 185, 186] 
24 : [] 
25 : [11, 61, 67, 104, 120, 130, 139, 160, 173, 195] 
26 : [8, 17, 26, 27, 39, 56, 60, 68, 69, 77, 90, 118, 126, 143, 145, 147, 148, 166, 171] 
27 : [] 
28 : [] 
29 : [15, 21, 54, 76, 93, 97, 101, 106, 125, 132, 150, 178, 181, 188, 194] 
fitness : 30141 
