Instalações : Clientes 
0 : [49, 52, 66, 75, 79, 95, 102, 122, 149, 151, 180] 
1 : [] 
2 : [21, 27, 37, 59, 61, 84, 100, 109, 118, 143, 176, 186] 
3 : [] 
4 : [] 
5 : [] 
6 : [31, 81, 139, 165] 
7 : [8, 10, 38, 53, 85, 87, 91, 93, 120, 133, 156, 164, 185, 194, 197] 
8 : [] 
9 : [] 
10 : [] 
11 : [1, 6, 12, 13, 16, 20, 28, 33, 35, 45, 48, 56, 65, 68, 78, 92, 103, 104, 114, 125, 127, 141, 148, 157, 158, 162, 170, 182, 183] 
12 : [] 
13 : [] 
14 : [] 
15 : [0, 11, 18, 19, 54, 69, 72, 80, 83, 142, 155, 163, 174, 175, 198] 
16 : [25, 30, 40, 44, 67, 71, 82, 86, 94, 105, 117, 166, 191] 
17 : [] 
18 : [] 
19 : [] 
20 : [] 
21 : [5, 17, 29, 36, 55, 70, 73, 97, 111, 113, 128, 129, 130, 134, 138, 152, 160, 177] 
22 : [] 
23 : [3, 7, 22, 47, 60, 64, 88, 89, 98, 101, 108, 110, 140, 171, 172, 188, 192] 
24 : [14, 23, 63, 76, 90, 96, 112, 123, 144, 154] 
25 : [24, 41, 43, 51, 126, 131, 132, 147, 161, 179, 196] 
26 : [2, 4, 26, 39, 50, 57, 58, 99, 106, 107, 115, 116, 137, 146, 150, 169, 184, 189, 190, 193, 199] 
27 : [15, 42, 119, 121, 124, 136, 145, 153, 167, 168, 178, 181, 187] 
28 : [] 
29 : [9, 32, 34, 46, 62, 74, 77, 135, 159, 173, 195] 
fitness : 34132 
