Instalações : Clientes 
0 : [] 
1 : [] 
2 : [4, 64, 74, 84, 106, 128, 132, 136, 143, 147, 179, 184, 186, 196] 
3 : [1, 9, 13, 16, 33, 34, 51, 62, 79, 88, 95, 102, 122, 127, 141, 144, 151, 157, 170, 180, 195] 
4 : [0, 76, 99, 111, 119, 125, 164, 168] 
5 : [] 
6 : [] 
7 : [] 
8 : [] 
9 : [6, 20, 28, 35, 60, 77, 103, 104, 114, 135, 148, 149] 
10 : [5, 30, 40, 47, 67, 70, 81, 82, 86, 101, 118, 165, 169, 172, 176, 188, 191] 
11 : [8, 18, 19, 21, 37, 42, 45, 46, 56, 65, 68, 109, 121, 145, 159, 161, 181, 183, 185, 187, 192, 199] 
12 : [] 
13 : [10, 38, 43, 53, 72, 78, 83, 87, 91, 92, 93, 120, 124, 133, 155, 156] 
14 : [] 
15 : [2, 14, 23, 50, 55, 57, 58, 61, 73, 80, 96, 97, 163, 174, 175, 197] 
16 : [] 
17 : [] 
18 : [85, 130, 167] 
19 : [] 
20 : [49, 66, 153, 158, 178, 194] 
21 : [] 
22 : [] 
23 : [3, 7, 22, 24, 25, 27, 31, 75, 89, 100, 108, 110, 117, 126, 131, 138, 139, 171] 
24 : [] 
25 : [] 
26 : [112, 115, 116, 123, 129, 134, 137, 146, 150, 152, 154, 160, 166, 177, 189, 193] 
27 : [11, 12, 15, 17, 26, 32, 36, 39, 41, 59, 63, 69, 90, 113, 142, 162, 182, 190, 198] 
28 : [] 
29 : [29, 44, 48, 52, 54, 71, 94, 98, 105, 107, 140, 173] 
fitness : 34649 
