Instalações : Clientes 
0 : [] 
1 : [] 
2 : [0, 15, 46, 51, 56, 59, 67, 69, 103, 104, 114, 154, 157, 163, 170, 173, 183, 194] 
3 : [] 
4 : [] 
5 : [] 
6 : [5, 10, 34, 43, 73, 80, 105, 149, 150] 
7 : [] 
8 : [] 
9 : [] 
10 : [] 
11 : [31, 57, 58, 65, 68, 70, 78, 86, 89, 90, 93, 102, 108, 122, 125, 130, 136, 162, 175, 189] 
12 : [] 
13 : [8, 12, 26, 30, 39, 50, 53, 74, 76, 82, 87, 97, 107, 111, 116, 124, 159, 179, 180, 193] 
14 : [] 
15 : [] 
16 : [] 
17 : [] 
18 : [] 
19 : [] 
20 : [] 
21 : [] 
22 : [13, 16, 22, 36, 64, 75, 115, 121, 138, 147, 195] 
23 : [44, 141] 
24 : [7, 9, 21, 23, 28, 37, 40, 54, 60, 77, 85, 101, 113, 135, 142, 144, 152, 164, 190, 199] 
25 : [] 
26 : [] 
27 : [20, 91, 94, 134] 
28 : [] 
29 : [] 
30 : [] 
31 : [] 
32 : [11, 19, 25, 35, 52, 55, 71, 72, 83, 84, 95, 106, 112, 119, 120, 131, 165, 171, 172, 186, 187] 
33 : [] 
34 : [] 
35 : [] 
36 : [2, 32, 33, 61, 62, 81, 92, 96, 100, 109, 126, 128, 146, 153, 161, 182, 188, 191] 
37 : [] 
38 : [1, 14, 47, 48, 88, 127, 145, 151, 177] 
39 : [] 
40 : [] 
41 : [] 
42 : [] 
43 : [] 
44 : [4, 17, 27, 49, 79, 98, 99, 117, 123, 129, 132, 137, 143, 155, 166, 167, 169, 185, 192, 198] 
45 : [] 
46 : [] 
47 : [6, 63, 168, 184] 
48 : [] 
49 : [38, 133, 139, 158, 176, 178, 181] 
50 : [] 
51 : [] 
52 : [] 
53 : [] 
54 : [] 
55 : [3, 18, 24, 29, 41, 42, 45, 66, 110, 118, 140, 148, 156, 160, 174, 196, 197] 
56 : [] 
57 : [] 
58 : [] 
59 : [] 
fitness : 33661 
