Instalações : Clientes 
0 : [0] 
1 : [] 
2 : [37, 60, 68, 69, 77, 79, 80, 95, 103, 108, 111, 112, 120, 135, 152, 163, 175, 195] 
3 : [4, 6, 20, 32, 34, 50, 75, 97, 101, 142, 145, 148, 168, 171, 172, 177, 183, 185] 
4 : [110, 146, 156, 196, 197] 
5 : [8, 9, 10, 17, 18, 22, 24, 31, 36, 38, 39, 40, 41, 43, 46, 49, 52, 59, 61, 88, 102, 104, 124, 134, 141, 150, 155, 157, 161, 169, 184, 189] 
6 : [] 
7 : [13, 44, 87, 176] 
8 : [] 
9 : [5, 123, 128, 138, 140, 144, 158, 166, 174, 180, 182, 186, 187] 
10 : [] 
11 : [] 
12 : [1, 2, 3, 30, 47, 63, 65, 70, 71, 73, 74, 89, 99, 132, 178, 188, 192, 194, 198] 
13 : [16, 19, 25, 42, 53, 55, 56, 57, 58, 62, 64, 66, 72, 86, 96, 109, 121, 130, 131, 149, 154, 160, 170, 173, 179, 190, 193] 
14 : [] 
15 : [] 
16 : [83, 84, 91, 92, 94, 98, 100, 105, 113, 118, 122, 143, 147, 164] 
17 : [] 
18 : [7, 26, 27, 28, 33, 45, 48, 51, 67, 82, 90, 107, 114, 116, 117, 119, 126, 137, 139, 165, 167, 191] 
19 : [115, 129, 133, 136, 153] 
20 : [11, 85] 
21 : [] 
22 : [] 
23 : [] 
24 : [] 
25 : [] 
26 : [] 
27 : [] 
28 : [] 
29 : [12, 14, 15, 21, 23, 29, 35, 54, 76, 78, 81, 93, 106, 125, 127, 151, 159, 162, 181, 199] 
fitness : 32374 
