Instalações : Clientes 
0 : [] 
1 : [] 
2 : [0, 11, 12, 23, 57, 64, 100, 118, 165, 186, 199] 
3 : [4, 7, 9, 15, 16, 34, 46, 51, 71, 95, 122, 127, 135, 149, 151, 159, 180, 183, 195] 
4 : [1, 10, 38, 72, 84, 85, 163, 168, 174] 
5 : [] 
6 : [] 
7 : [] 
8 : [49, 54, 68, 76, 96, 119, 128, 184] 
9 : [] 
10 : [5, 6, 24, 27, 44, 47, 75, 81, 82, 86, 94, 109, 126, 139, 171, 188] 
11 : [14, 19, 28, 33, 35, 41, 42, 45, 48, 62, 65, 77, 78, 88, 103, 104, 114, 141, 144, 148, 157, 158, 167, 170] 
12 : [] 
13 : [8, 13, 53, 66, 69, 83, 87, 92, 120, 125, 142, 153, 155, 156, 181, 194] 
14 : [73, 143, 176] 
15 : [] 
16 : [] 
17 : [] 
18 : [] 
19 : [] 
20 : [20, 56, 80, 91, 185, 192] 
21 : [2, 17, 29, 55, 58, 70, 90, 99, 113, 116, 129, 134, 150, 154, 177, 193] 
22 : [52, 98, 102, 105, 107, 132, 162, 196] 
23 : [3, 21, 22, 25, 32, 59, 67, 79, 89, 93, 101, 108, 117, 131, 140, 147, 172, 187, 191] 
24 : [] 
25 : [30, 31, 37, 40, 60, 61, 74, 110, 169, 173, 179, 189] 
26 : [18, 26, 36, 39, 43, 50, 63, 97, 106, 111, 112, 115, 123, 130, 137, 138, 146, 152, 160, 161, 166] 
27 : [121, 124, 133, 136, 145, 164, 175, 178, 182, 190, 197, 198] 
28 : [] 
29 : [] 
fitness : 34646 
