Instalações : Clientes 
0 : [] 
1 : [] 
2 : [0, 2, 4, 5, 6, 10, 11, 12, 13, 14, 15, 16, 17, 18, 75, 82, 84, 87] 
3 : [] 
4 : [] 
5 : [] 
6 : [9, 20, 21, 22, 23, 28, 30, 31, 32, 33, 34, 35, 36, 37, 38, 49, 51] 
7 : [24, 39, 41, 42, 43, 44, 45, 46, 47, 48, 50, 52, 53, 54, 55, 56, 57, 58, 59, 61, 66, 68, 71] 
8 : [] 
9 : [69, 72, 76, 77, 78, 79, 80] 
10 : [] 
11 : [1, 3, 8, 40, 60, 62, 63, 64, 65, 67, 70, 73, 81, 83, 85, 88, 90, 93] 
12 : [7, 19, 25, 26, 27, 29, 74] 
13 : [86, 91, 92] 
14 : [] 
15 : [89, 94, 95, 96, 97, 98, 99] 
16 : [] 
17 : [] 
18 : [] 
19 : [] 
fitness : 9783 
