Instalações : Clientes 
0 : [42, 48, 49, 51] 
1 : [] 
2 : [] 
3 : [] 
4 : [] 
5 : [] 
6 : [] 
7 : [40, 77, 78] 
8 : [] 
9 : [82] 
10 : [14, 47, 50, 62, 89] 
11 : [2, 3, 6, 24, 60, 61, 63, 64, 65, 66, 68, 69, 70, 71, 72, 73, 74, 80, 81, 83, 84, 85, 86] 
12 : [] 
13 : [] 
14 : [] 
15 : [] 
16 : [] 
17 : [] 
18 : [0, 1, 4, 5, 7, 8, 9, 10, 11, 12, 13, 15, 16, 17, 18, 19, 20, 21, 22, 23, 25, 26, 27, 28, 29, 30, 31, 32, 33, 34, 35, 36, 37, 38, 39, 41, 43, 44, 45, 46, 52, 53, 54, 55, 56, 57, 58, 59, 67, 75, 76, 79, 87, 88, 90, 91, 92, 93, 94, 95, 96, 97, 98, 99] 
19 : [] 
fitness : 11177 
