Instalações : Clientes 
0 : [] 
1 : [34, 56, 108, 140, 149] 
2 : [6, 11, 17, 22, 29, 45, 53, 57, 78, 90, 92, 104, 107, 117, 130, 144, 150, 191] 
3 : [40, 65, 83, 91, 120, 132, 153, 157, 171, 177, 185] 
4 : [] 
5 : [64, 96, 161, 179] 
6 : [] 
7 : [] 
8 : [24, 25, 49, 51, 73, 80, 84, 97, 99, 110, 119, 123, 125, 131, 133, 145, 187] 
9 : [26, 61, 82, 89, 102, 113, 121, 128, 183, 198] 
10 : [] 
11 : [] 
12 : [] 
13 : [4, 5, 31, 41, 62, 69, 72, 79, 98, 101, 168, 170, 199] 
14 : [14, 30, 36, 47, 58, 60, 63, 71, 85, 151, 158, 165, 189] 
15 : [13, 28, 32, 44, 66, 77, 105, 129, 137, 146, 152, 155, 186] 
16 : [1, 2, 15, 18, 19, 37, 38, 48, 52, 55, 88, 111, 112, 143, 174, 175, 188] 
17 : [] 
18 : [] 
19 : [] 
20 : [67, 68, 74, 86, 100, 103, 106, 109, 115, 116, 124, 142, 154, 156, 172, 178, 184, 194] 
21 : [] 
22 : [] 
23 : [] 
24 : [] 
25 : [] 
26 : [] 
27 : [8, 9, 10, 12, 16, 21, 33, 39, 50, 93, 166, 169, 182] 
28 : [54, 148, 160, 162, 164, 193] 
29 : [] 
30 : [] 
31 : [] 
32 : [] 
33 : [75, 76, 81, 87, 94, 95, 118, 126, 127, 147, 163, 167, 195] 
34 : [] 
35 : [] 
36 : [7, 20, 35, 46, 59, 114, 122, 136, 159, 176, 192, 196, 197] 
37 : [] 
38 : [] 
39 : [] 
40 : [] 
41 : [] 
42 : [] 
43 : [] 
44 : [] 
45 : [] 
46 : [] 
47 : [] 
48 : [] 
49 : [] 
50 : [] 
51 : [] 
52 : [] 
53 : [] 
54 : [3, 23, 27, 42, 43, 70, 138, 141, 180, 181, 190] 
55 : [0, 134, 135, 139, 173] 
56 : [] 
57 : [] 
58 : [] 
59 : [] 
fitness : 34359 
