Instalações : Clientes 
0 : [] 
1 : [52, 71, 83, 84, 118, 140, 177] 
2 : [5, 6, 17, 44, 66, 70, 78, 107, 117, 124, 144, 146, 152, 155, 166, 186] 
3 : [] 
4 : [] 
5 : [] 
6 : [] 
7 : [] 
8 : [] 
9 : [] 
10 : [] 
11 : [19, 30, 82, 89, 94, 121, 139, 149, 162, 163, 164, 167, 173, 183, 193, 195] 
12 : [14, 24, 26, 36, 47, 67, 103] 
13 : [] 
14 : [0, 31, 37, 85, 102, 116, 128, 138, 141, 154, 157, 174, 180] 
15 : [] 
16 : [1, 27, 38, 39, 43, 55, 68, 73, 74, 75, 86, 87, 95, 112, 143, 153, 172, 175, 184, 187, 196] 
17 : [] 
18 : [] 
19 : [] 
20 : [] 
21 : [] 
22 : [16, 29, 63, 106, 120, 178, 182] 
23 : [] 
24 : [] 
25 : [] 
26 : [] 
27 : [7, 8, 9, 18, 35, 40, 42, 69, 76, 96, 97, 113, 119, 165, 179] 
28 : [] 
29 : [10, 33, 92, 104, 130, 137] 
30 : [25, 32, 51, 57, 64, 80, 98, 114, 122, 135, 168, 170, 176, 192] 
31 : [4] 
32 : [] 
33 : [] 
34 : [] 
35 : [] 
36 : [2, 22, 23, 28, 54, 56, 65, 72, 79, 90, 150, 156, 197, 198] 
37 : [169] 
38 : [] 
39 : [61, 110, 134, 147, 148] 
40 : [91, 108, 111, 115, 126, 127, 132, 142, 171, 185, 194] 
41 : [] 
42 : [] 
43 : [] 
44 : [12, 13, 20, 21, 41, 46, 48, 60, 62, 99, 101, 123, 125, 131, 133, 145, 159, 161, 199] 
45 : [] 
46 : [] 
47 : [] 
48 : [] 
49 : [] 
50 : [] 
51 : [15, 160] 
52 : [11, 45, 50, 53, 59, 77, 93, 105, 129, 191] 
53 : [] 
54 : [3, 49, 58, 81, 88, 100, 109, 136, 151, 158, 181, 189, 190] 
55 : [] 
56 : [] 
57 : [34, 188] 
58 : [] 
59 : [] 
fitness : 36166 
