Instalações : Clientes 
0 : [] 
1 : [] 
2 : [0, 23, 33, 61, 77, 81, 87, 94, 98, 131, 153, 156, 164, 166, 170, 172, 175, 180, 188, 190] 
3 : [] 
4 : [] 
5 : [] 
6 : [35, 42, 55, 60, 65, 68, 86, 97, 111, 127, 155, 178, 192] 
7 : [] 
8 : [] 
9 : [] 
10 : [1, 24, 66, 74, 75, 80, 120, 133, 139, 152, 162, 173, 198] 
11 : [] 
12 : [56, 83, 89, 92, 93, 102, 113, 114, 121, 132, 140, 142, 143, 144, 149, 184, 186, 193, 194, 195, 196] 
13 : [12, 13, 16, 46, 64, 85, 95, 109, 134, 136, 137, 154, 158, 159, 160, 168] 
14 : [] 
15 : [] 
16 : [] 
17 : [7, 9, 11, 14, 49, 67, 90, 99, 100, 118, 122, 129, 138, 151, 183] 
18 : [] 
19 : [27, 28, 30, 31, 32, 43, 48, 72, 82, 84, 91, 104, 106, 110, 123, 128, 167, 174, 199] 
20 : [17, 36, 37, 41, 44, 45, 54, 57, 63, 73, 76, 78, 115, 119, 124, 135, 171, 177, 179, 185, 187] 
21 : [2, 4, 6, 8, 18, 29, 39, 47, 51, 53, 101, 105, 108, 125, 126, 130, 145, 147, 157, 169, 181, 182, 189, 191, 197] 
22 : [] 
23 : [] 
24 : [19, 21, 25, 38, 50, 52, 58, 62, 79, 107, 116, 146, 150, 163, 176] 
25 : [] 
26 : [] 
27 : [3, 5, 10, 15, 20, 22, 26, 34, 40, 59, 69, 70, 71, 88, 96, 103, 112, 117, 141, 148, 161, 165] 
28 : [] 
29 : [] 
fitness : 33020 
