Instalações : Clientes 
0 : [8, 25, 52, 78, 121, 139, 181, 183, 192, 197] 
1 : [21, 29, 34, 80, 98, 102, 107, 108, 120, 151, 153, 155, 160, 170, 172, 177, 193, 199] 
2 : [] 
3 : [19, 23, 59, 76, 82, 84, 86, 135, 136, 137, 146, 147, 162, 163, 169, 179, 189, 196] 
4 : [] 
5 : [] 
6 : [16, 24, 28, 38, 61, 65, 81, 94, 100, 101, 115, 129, 140, 143, 148, 195] 
7 : [] 
8 : [] 
9 : [15, 17, 27, 41, 43, 49, 60, 74, 88, 116, 122, 127, 128, 134, 164, 171, 174, 185] 
10 : [5, 11, 13, 42, 69, 72, 75, 79, 83, 93, 99, 106, 132, 152, 158, 159, 161, 187, 188, 190] 
11 : [10, 12, 30, 32, 33, 55, 70, 109, 117, 124, 133, 144, 150] 
12 : [18, 63, 131, 198] 
13 : [] 
14 : [] 
15 : [] 
16 : [] 
17 : [] 
18 : [39, 44, 47, 53, 57, 58, 62, 66, 68, 77, 104, 110, 118, 125, 130, 142, 156, 168, 175, 186] 
19 : [] 
20 : [20, 50, 85, 92, 103, 112, 126, 154] 
21 : [] 
22 : [] 
23 : [3, 9, 22, 36, 56, 105, 145, 165, 173] 
24 : [] 
25 : [7, 48, 73, 87, 89, 90, 91, 95, 97, 111, 113, 114, 119, 138, 141, 149, 157, 166, 167, 178] 
26 : [] 
27 : [] 
28 : [0, 1, 2, 4, 6, 14, 26, 31, 35, 37, 40, 45, 46, 51, 54, 64, 67, 71, 96, 123, 176, 180, 182, 184, 191, 194] 
29 : [] 
fitness : 33766 
