Instalações : Clientes 
0 : [0, 2, 33, 38, 50, 51, 61, 81, 88, 94, 98, 105, 108, 112, 125, 131, 141, 148, 150, 163, 176, 181, 189] 
1 : [4, 13, 16, 22, 46, 66, 74, 75, 80, 85, 95, 134, 136, 145, 147, 154, 158, 160, 164, 166, 168, 170] 
2 : [6, 18, 29, 39, 47, 52, 53, 79, 101, 126, 146, 156, 157, 169, 175, 182, 190, 191, 197] 
3 : [] 
4 : [] 
5 : [] 
6 : [] 
7 : [3, 8, 15, 19, 20, 25, 40, 56, 58, 59, 62, 65, 70, 83, 89, 92, 93, 103, 117, 121, 144, 149, 194, 196] 
8 : [] 
9 : [23, 36, 37, 41, 43, 44, 45, 49, 54, 57, 73, 78, 82, 84, 106, 115, 119, 120, 135, 167, 178, 185] 
10 : [] 
11 : [] 
12 : [1, 5, 7, 26, 35, 55, 69, 71, 97, 102, 113, 114, 116, 127, 132, 143, 184, 186, 193, 195] 
13 : [12, 24, 64, 76, 77, 87, 109, 133, 137, 152, 159, 162, 171, 179, 180, 187] 
14 : [11, 14, 17, 27, 30, 60, 63, 86, 100, 110, 111, 118, 123, 124, 129, 139, 172, 173, 177, 198] 
15 : [] 
16 : [] 
17 : [9, 21, 34, 67, 90, 96, 107, 122, 130, 138, 151, 153, 161, 165, 188] 
18 : [] 
19 : [10, 28, 31, 32, 42, 48, 68, 72, 91, 99, 104, 128, 140, 142, 155, 174, 183, 192, 199] 
20 : [] 
21 : [] 
22 : [] 
23 : [] 
24 : [] 
25 : [] 
26 : [] 
27 : [] 
28 : [] 
29 : [] 
fitness : 41806 
