Instalações : Clientes 
0 : [] 
1 : [5, 16, 17, 27, 34, 49, 50, 62, 72, 105, 120, 136, 140, 146, 149, 165, 181, 197] 
2 : [] 
3 : [] 
4 : [] 
5 : [35, 91, 97, 145] 
6 : [] 
7 : [] 
8 : [6, 19, 30, 32, 40, 53, 64, 65, 67, 73, 102, 107, 112, 142, 144, 170, 172, 184, 194] 
9 : [23, 42, 43, 68, 78, 82, 85, 86, 87, 116, 127, 134, 137, 154, 157, 159, 163, 171, 173, 183, 196] 
10 : [11, 15, 41, 56, 74, 75, 79, 84, 99, 130, 132, 162, 164, 174, 179, 187, 189, 190] 
11 : [1, 33, 51, 69, 71, 80, 109, 110, 118, 124, 133, 155, 198] 
12 : [] 
13 : [] 
14 : [] 
15 : [12, 18, 55, 70, 76, 104, 117, 150, 153, 186] 
16 : [] 
17 : [] 
18 : [9, 21, 22, 31, 39, 44, 57, 58, 60, 66, 77, 83, 88, 95, 128, 152, 161, 168, 175, 188, 193, 199] 
19 : [0, 2, 38, 45, 48, 54, 63, 81, 89, 115, 123, 129, 180, 191] 
20 : [] 
21 : [] 
22 : [] 
23 : [] 
24 : [29, 47] 
25 : [25, 101, 106, 111, 113, 114, 121, 126, 135, 138, 139, 141, 160, 166, 169, 177, 185, 192, 195] 
26 : [] 
27 : [7, 14, 28, 52, 61, 98, 103, 143, 176] 
28 : [3, 4, 8, 20, 24, 36, 37, 46, 59, 90, 92, 94, 96, 100, 108, 119, 131, 148, 167, 178, 182] 
29 : [10, 13, 26, 93, 122, 125, 147, 151, 156, 158] 
fitness : 31542 
