Instalações : Clientes 
0 : [48, 88, 92, 99, 119, 146, 154, 182, 184, 186, 188, 192, 198] 
1 : [] 
2 : [] 
3 : [] 
4 : [8, 9, 10, 11, 12, 13, 23, 29, 61, 64, 67, 73, 81, 83, 87, 96, 98, 103, 104, 111, 127, 130, 140, 142, 150, 151, 163, 167, 178] 
5 : [] 
6 : [] 
7 : [] 
8 : [] 
9 : [] 
10 : [] 
11 : [] 
12 : [25, 27, 30, 37, 38, 41, 45, 53, 60, 66, 77, 84, 102, 108, 110, 121, 128, 133, 143, 157, 159, 164, 165, 171, 196, 197] 
13 : [65, 68, 72, 74, 78, 82, 90, 93, 94, 113, 115, 118, 125, 136, 158, 174, 175, 176] 
14 : [14, 15, 42, 70, 79, 123, 124, 134, 147, 155, 156, 160, 161, 162, 166, 169, 181, 189, 195] 
15 : [2, 4, 6, 18, 28, 31, 34, 36, 46, 47, 50, 51, 52, 57, 59, 71, 76, 91, 106, 107, 109, 126, 132, 135, 138, 139, 179, 193] 
16 : [16, 19, 20, 21, 26, 33, 39, 44, 49, 54, 55, 114, 117, 131, 149, 173, 180, 199] 
17 : [] 
18 : [0] 
19 : [] 
20 : [] 
21 : [1, 3, 5, 7, 40, 69, 95, 112, 137, 170, 177, 187] 
22 : [] 
23 : [] 
24 : [] 
25 : [] 
26 : [17, 22, 32, 35, 43, 56, 58, 62, 63, 75, 80, 85, 86, 97, 116, 122, 141, 144, 145, 152, 185] 
27 : [89, 100, 148, 183, 190, 191, 194] 
28 : [] 
29 : [24, 101, 105, 120, 129, 153, 168, 172] 
fitness : 31939 
