Instalações : Clientes 
0 : [] 
1 : [] 
2 : [] 
3 : [] 
4 : [] 
5 : [5] 
6 : [] 
7 : [] 
8 : [] 
9 : [2, 20, 41, 64, 125, 147, 174] 
10 : [3, 10, 18, 52, 56, 91, 113, 115, 156, 157, 172] 
11 : [] 
12 : [68, 105, 185, 191] 
13 : [] 
14 : [0, 6, 21, 33, 36, 49, 55, 60, 151, 153, 155, 180, 198, 199] 
15 : [] 
16 : [24, 27, 29, 35, 37, 40, 42, 46, 47, 70, 79, 88, 104, 122, 127, 131, 141, 158, 179, 182, 194, 196] 
17 : [13, 51, 57, 62, 72, 119, 161, 170] 
18 : [] 
19 : [] 
20 : [] 
21 : [] 
22 : [90, 103, 124, 129, 138, 144] 
23 : [89, 94, 95, 97, 111, 121, 134, 160, 162, 164, 167, 173, 184, 193, 195] 
24 : [34, 48, 71, 75, 85, 102, 112, 126, 132, 140, 171, 188] 
25 : [] 
26 : [14, 19, 26, 43, 54, 76, 82, 87, 108, 149, 163, 175] 
27 : [7, 17, 28, 31, 32, 44, 45, 53, 66, 77, 78, 146, 166] 
28 : [] 
29 : [] 
30 : [] 
31 : [] 
32 : [] 
33 : [] 
34 : [] 
35 : [] 
36 : [8, 9, 12, 22, 58, 59, 107, 130, 137, 150, 152, 186, 192, 197] 
37 : [] 
38 : [] 
39 : [] 
40 : [] 
41 : [] 
42 : [23, 39, 65, 92, 100, 106, 109, 117, 120, 142, 154, 169, 178] 
43 : [] 
44 : [25, 80, 96, 99, 101, 110, 128, 133, 136, 159, 168, 176, 181] 
45 : [] 
46 : [] 
47 : [61, 67, 73, 74, 84, 123, 135, 139, 145, 148, 183, 187] 
48 : [] 
49 : [] 
50 : [] 
51 : [] 
52 : [] 
53 : [] 
54 : [16, 50, 63, 83, 93, 98, 114, 116, 143, 165, 189, 190] 
55 : [] 
56 : [] 
57 : [] 
58 : [1, 4, 11, 15, 30, 38, 69, 81, 86, 118, 177] 
59 : [] 
fitness : 35275 
