Instalações : Clientes 
0 : [9, 61, 66, 81, 87, 90, 94, 98, 105, 118, 122, 129, 153, 156, 161, 163, 164, 175, 176, 183, 188, 190] 
1 : [] 
2 : [] 
3 : [] 
4 : [10, 28, 41, 43, 57, 60, 72, 82, 84, 104, 111, 124, 167, 172, 178] 
5 : [] 
6 : [] 
7 : [] 
8 : [] 
9 : [] 
10 : [12, 17, 24, 37, 49, 54, 63, 80, 135, 137, 139, 158, 162, 170, 177, 179, 198] 
11 : [65, 69, 70, 71, 83, 89, 93, 97, 102, 103, 113, 114, 121, 127, 132, 140, 142, 143, 144, 149, 184, 194, 196] 
12 : [] 
13 : [36, 44, 46, 64, 76, 78, 85, 95, 109, 115, 119, 133, 136, 159, 168, 171, 185] 
14 : [] 
15 : [] 
16 : [4, 6, 21, 29, 33, 39, 47, 51, 53, 101, 125, 146, 147, 157, 169, 181, 182, 189, 191] 
17 : [] 
18 : [] 
19 : [31, 32, 35, 45, 48, 55, 67, 73, 86, 91, 106, 110, 123, 128, 151, 174, 192, 193, 195, 199] 
20 : [] 
21 : [] 
22 : [0, 3, 7, 8, 15, 18, 20, 25, 26, 30, 34, 40, 56, 58, 59, 62, 79, 88, 96, 108, 112, 117, 130, 141, 148] 
23 : [16, 22, 74, 75, 77, 120, 134, 152, 154, 160, 166, 173, 187] 
24 : [2, 5, 13, 19, 23, 38, 50, 52, 107, 126, 131, 145, 150, 165, 180, 197] 
25 : [] 
26 : [] 
27 : [] 
28 : [1, 11, 14, 27, 42, 68, 92, 99, 100, 116, 138, 155, 186] 
29 : [] 
fitness : 33031 
