Instalações : Clientes 
0 : [3, 16, 23, 30, 32, 33, 39, 45, 52, 78, 81, 86, 100, 108, 110, 123, 134, 135, 143, 155, 162, 165, 175, 181, 186] 
1 : [] 
2 : [] 
3 : [4, 12, 13, 15, 24, 27, 47, 48, 49, 63, 65, 70, 80, 97, 104, 130, 144, 147, 149, 164, 168, 179, 180, 195, 199] 
4 : [] 
5 : [0, 9, 10, 18, 29, 36, 75, 76, 87, 98, 101, 102, 113, 132, 136, 138, 139, 154, 191] 
6 : [] 
7 : [] 
8 : [] 
9 : [] 
10 : [11, 20, 35, 40, 42, 59, 66, 67, 95, 105, 127, 142, 145, 156, 163, 167, 182, 185, 198] 
11 : [5, 7, 8, 14, 19, 26, 43, 60, 77, 107, 116, 129, 146, 150, 157, 158, 187, 188, 190, 197] 
12 : [1, 2, 21, 25, 28, 38, 72, 73, 88, 114, 119, 122, 125, 140, 192, 196] 
13 : [] 
14 : [37, 58, 79, 92, 103, 128, 133, 153] 
15 : [] 
16 : [] 
17 : [] 
18 : [46, 53, 82, 84, 93, 94, 141, 148, 152, 159, 173, 176] 
19 : [17, 22, 41, 71, 89, 90, 96, 106, 118, 120, 121, 124, 151, 160, 166, 178, 183, 184] 
20 : [6, 31, 34, 51, 57, 62, 74, 112, 117, 171] 
21 : [] 
22 : [] 
23 : [] 
24 : [] 
25 : [] 
26 : [] 
27 : [] 
28 : [44, 54, 56, 64, 85, 91, 99, 109, 126, 137, 170, 172, 174, 189, 193, 194] 
29 : [50, 55, 61, 68, 69, 83, 111, 115, 131, 161, 169, 177] 
fitness : 30116 
