Instalações : Clientes 
0 : [0, 1, 2, 3, 4, 5, 6, 7, 8, 12, 42, 44, 47, 48, 49, 50, 51, 52, 53, 54, 55, 56, 57, 59, 60, 62] 
1 : [] 
2 : [] 
3 : [] 
4 : [9, 10, 11, 13, 15, 16, 17, 19, 24, 31, 32, 33, 34, 37, 41, 43, 45, 46, 63, 72] 
5 : [14, 18, 20, 21, 22, 23, 25, 26, 27, 28, 29, 30, 35, 36, 38, 39, 40] 
6 : [] 
7 : [] 
8 : [] 
9 : [] 
10 : [] 
11 : [] 
12 : [] 
13 : [58] 
14 : [] 
15 : [] 
16 : [] 
17 : [] 
18 : [] 
19 : [61, 64, 65, 66, 67, 68, 69, 70, 71, 73, 74, 75, 76, 77, 78, 79] 
fitness : 7906 
