Instalações : Clientes 
0 : [] 
1 : [] 
2 : [11, 30, 33, 34, 35, 36, 37, 38, 39, 40, 41, 42, 43, 44, 45, 46, 47, 49, 50, 52, 53, 54, 55, 56, 62, 69, 74, 83, 84] 
3 : [] 
4 : [] 
5 : [] 
6 : [] 
7 : [65, 73] 
8 : [] 
9 : [] 
10 : [] 
11 : [] 
12 : [] 
13 : [70, 75, 76, 77, 78, 79, 80, 81, 82, 85, 86, 88, 89] 
14 : [] 
15 : [] 
16 : [] 
17 : [0, 1, 2, 3, 4, 5, 6, 7, 8, 9, 10, 12, 13, 14, 15, 16, 17, 18, 19, 20, 24, 26, 27, 28, 29, 32, 48, 51, 57, 58, 59, 60, 61, 63, 66, 67, 68, 71, 72, 95] 
18 : [21, 22, 23, 25, 31, 64, 87, 90, 91, 92, 93, 94, 96, 97, 98, 99] 
19 : [] 
fitness : 9013 
