Instalações : Clientes 
0 : [] 
1 : [] 
2 : [] 
3 : [] 
4 : [] 
5 : [] 
6 : [] 
7 : [] 
8 : [] 
9 : [0, 88, 99, 127, 194, 196] 
10 : [] 
11 : [] 
12 : [] 
13 : [] 
14 : [34, 50, 59, 63, 68, 73, 85, 117, 182, 190] 
15 : [] 
16 : [1, 2, 3, 8, 16, 18, 20, 42, 47, 69, 116, 136, 143, 158, 165, 176, 189] 
17 : [] 
18 : [] 
19 : [] 
20 : [91, 100, 103, 109, 120, 126, 132, 140, 154, 157, 171, 178] 
21 : [52, 83, 153, 156, 172] 
22 : [6, 11, 29, 33, 66, 104, 144, 169] 
23 : [74, 76, 87, 89, 95, 102, 111, 118, 134, 149, 160, 162, 163] 
24 : [] 
25 : [] 
26 : [] 
27 : [7, 9, 41, 44, 57, 79, 93, 107, 122, 129, 150, 151, 155, 166] 
28 : [19, 24, 25, 82, 98, 125, 131, 135, 139, 147, 148, 193, 195] 
29 : [] 
30 : [] 
31 : [] 
32 : [] 
33 : [] 
34 : [] 
35 : [] 
36 : [5, 12, 28, 36, 53, 70, 90, 105, 106, 137, 138, 152, 170, 192] 
37 : [] 
38 : [] 
39 : [] 
40 : [] 
41 : [] 
42 : [] 
43 : [] 
44 : [13, 31, 32, 49, 58, 60, 62, 64, 72, 80, 97, 101, 110, 114, 159, 161, 174, 183, 187, 198, 199] 
45 : [] 
46 : [51, 96, 119, 123, 133, 168, 179] 
47 : [4, 27, 61, 84, 128, 145, 164, 175, 181] 
48 : [] 
49 : [] 
50 : [] 
51 : [14, 15, 26, 30, 37, 38, 56, 75, 94, 108, 113, 121, 173, 177, 184, 188] 
52 : [17, 22, 39, 45, 77, 78, 92, 130, 146, 186, 191] 
53 : [] 
54 : [10, 21, 23, 35, 40, 46, 112, 115, 141, 180, 197] 
55 : [] 
56 : [124, 142, 185] 
57 : [] 
58 : [43, 48, 54, 55, 65, 67, 71, 81, 86, 167] 
59 : [] 
fitness : 35182 
