Instalações : Clientes 
0 : [3, 9, 16, 17, 19, 25, 26, 40, 41, 45, 47, 56, 59, 60, 67, 71, 75, 81, 83, 86, 90, 92, 101, 103, 108, 110, 130, 140] 
1 : [] 
2 : [] 
3 : [] 
4 : [2, 6, 12, 14, 21, 23, 32, 43, 51, 54, 58, 87, 99, 106, 121, 124, 136] 
5 : [4, 5, 7, 27, 28, 36, 37, 53, 61, 74, 91, 95, 116, 118, 120, 126, 132, 147, 149] 
6 : [] 
7 : [] 
8 : [] 
9 : [] 
10 : [] 
11 : [0, 1, 11, 13, 31, 52, 55, 64, 65, 70, 72, 73, 84, 93, 94, 96, 104, 107, 113, 114, 119, 122, 127, 128, 134, 146, 148] 
12 : [] 
13 : [] 
14 : [88, 143, 144] 
15 : [] 
16 : [] 
17 : [15, 20, 34, 35, 39, 49, 62, 77, 80, 82, 85, 100, 102, 109, 112, 123, 135, 138, 139, 141, 142] 
18 : [] 
19 : [] 
20 : [] 
21 : [8, 22, 30, 46, 50, 57, 68, 97, 98, 115, 125, 129] 
22 : [] 
23 : [] 
24 : [] 
25 : [] 
26 : [] 
27 : [] 
28 : [] 
29 : [10, 18, 24, 29, 33, 38, 42, 44, 48, 63, 66, 69, 76, 78, 79, 89, 105, 111, 117, 131, 133, 137, 145] 
fitness : 20473 
