Instalações : Clientes 
0 : [] 
1 : [0, 1, 2, 3, 4, 5, 6, 7, 9, 10, 11, 12, 13, 14, 15, 17, 19, 20, 21, 22, 23, 24, 25, 26, 27, 35, 43, 46, 53, 56, 58] 
2 : [] 
3 : [] 
4 : [37, 39, 40, 41, 44, 45, 47, 49, 50, 60] 
5 : [18, 28, 29, 30, 33, 34] 
6 : [] 
7 : [] 
8 : [] 
9 : [] 
10 : [] 
11 : [] 
12 : [32, 61, 63, 64] 
13 : [8, 16, 31, 36, 38, 42, 48, 51, 52, 54, 55, 57, 59] 
14 : [] 
15 : [] 
16 : [] 
17 : [62, 65, 66, 67, 68, 69, 70, 71, 72, 73, 74, 75, 76, 77, 78, 79] 
18 : [] 
19 : [] 
fitness : 7462 
