Instalações : Clientes 
0 : [0, 59, 81, 82, 87, 88, 106, 108, 115, 126, 128, 169, 175] 
1 : [] 
2 : [] 
3 : [6, 29, 30, 31, 32, 42, 51, 83, 97, 113, 135, 138, 153, 170] 
4 : [] 
5 : [] 
6 : [] 
7 : [] 
8 : [] 
9 : [] 
10 : [] 
11 : [] 
12 : [] 
13 : [] 
14 : [] 
15 : [] 
16 : [] 
17 : [] 
18 : [] 
19 : [] 
20 : [] 
21 : [15, 24, 25, 34, 44, 48, 57, 62, 68, 110, 116, 120, 124, 125, 147, 186] 
22 : [8, 69, 190] 
23 : [] 
24 : [] 
25 : [10, 20, 28, 33, 41, 63, 84, 90, 101, 102, 104, 109, 144, 162, 167, 174, 183, 187, 196] 
26 : [] 
27 : [46, 50, 60, 79, 85, 91, 103, 119, 133, 141, 148, 159, 179, 195] 
28 : [1, 12, 21, 27, 45, 55, 65, 73, 77, 99, 105, 114, 131, 132, 136, 139, 161, 163, 164, 199] 
29 : [] 
30 : [98, 137, 143, 145, 155, 171, 176, 182] 
31 : [] 
32 : [] 
33 : [] 
34 : [] 
35 : [] 
36 : [2, 4, 37, 56, 64, 66, 86, 129, 166, 172, 193] 
37 : [] 
38 : [70, 72, 80, 94, 100, 117, 122, 123, 130, 134, 168, 191, 192] 
39 : [14, 17, 22, 26, 38, 49, 54, 75, 111, 118, 127, 142, 151, 156, 157, 158, 178, 189] 
40 : [] 
41 : [] 
42 : [] 
43 : [] 
44 : [] 
45 : [] 
46 : [] 
47 : [11, 18, 47, 52, 74, 89, 93, 112, 121, 146, 149, 160, 177, 180, 188, 197] 
48 : [] 
49 : [] 
50 : [] 
51 : [] 
52 : [3, 5, 7, 19, 23, 35, 36, 43, 53, 58, 76, 96, 150, 173, 184, 185] 
53 : [] 
54 : [] 
55 : [] 
56 : [] 
57 : [9, 13, 16, 39, 40, 61, 67, 71, 78, 92, 95, 107, 140, 152, 154, 165, 181, 194, 198] 
58 : [] 
59 : [] 
fitness : 32504 
