Instalações : Clientes 
0 : [23, 52, 61, 90, 98, 99, 105, 122, 129, 151, 153, 161, 173, 176, 186, 188] 
1 : [12, 13, 16, 24, 46, 54, 63, 64, 75, 85, 95, 109, 133, 134, 136, 154, 158, 159, 160, 168, 170, 187, 198] 
2 : [] 
3 : [] 
4 : [] 
5 : [22, 29, 33, 49, 66, 74, 77, 80, 81, 87, 94, 110, 126, 131, 139, 145, 152, 156, 162, 164, 166, 175, 177, 180, 190] 
6 : [] 
7 : [] 
8 : [10, 17, 28, 36, 37, 41, 43, 44, 57, 60, 73, 76, 78, 82, 115, 119, 120, 124, 128, 135, 137, 171, 174, 178, 185] 
9 : [] 
10 : [] 
11 : [15, 56, 59, 62, 65, 69, 70, 83, 89, 92, 93, 96, 97, 102, 103, 114, 117, 121, 127, 130, 132, 142, 143, 144, 149, 155, 184, 194, 196] 
12 : [30, 31, 32, 35, 42, 55, 71, 84, 86, 91, 104, 106, 111, 113, 123, 140, 167, 183, 192, 193, 195] 
13 : [] 
14 : [] 
15 : [] 
16 : [] 
17 : [14, 27, 45, 48, 67, 68, 72, 100, 116, 118, 138, 172, 179, 199] 
18 : [] 
19 : [] 
20 : [] 
21 : [6, 21, 38, 39, 47, 51, 53, 79, 101, 107, 125, 146, 147, 150, 157, 163, 169, 181, 182, 189, 191, 197] 
22 : [] 
23 : [] 
24 : [] 
25 : [] 
26 : [] 
27 : [0, 1, 2, 3, 4, 5, 7, 8, 9, 11, 18, 19, 20, 25, 26, 34, 40, 50, 58, 88, 108, 112, 141, 148, 165] 
28 : [] 
29 : [] 
fitness : 39754 
