Instalações : Clientes 
0 : [] 
1 : [] 
2 : [] 
3 : [6, 8, 31, 55, 59, 74, 80, 81, 94, 124, 128, 136, 139, 160, 175, 199] 
4 : [9, 39, 71, 92, 148, 149, 170] 
5 : [] 
6 : [88, 105, 132] 
7 : [] 
8 : [44, 52, 57, 62, 67, 97, 179, 180, 188, 195] 
9 : [] 
10 : [] 
11 : [0, 19, 26, 56, 66, 98, 131, 143, 151, 158, 174, 182] 
12 : [] 
13 : [] 
14 : [] 
15 : [24, 25, 61, 70, 78, 100, 110, 116, 117, 120, 125, 130, 134, 144, 181, 186, 192] 
16 : [] 
17 : [] 
18 : [] 
19 : [] 
20 : [28, 35, 58, 63, 72, 90, 95, 101, 129, 162, 166, 184, 185, 187, 198] 
21 : [] 
22 : [77, 99, 114] 
23 : [] 
24 : [] 
25 : [] 
26 : [] 
27 : [] 
28 : [] 
29 : [] 
30 : [] 
31 : [] 
32 : [] 
33 : [] 
34 : [3, 10, 41, 48, 64, 68, 86, 93, 104, 107, 141, 159, 165, 168] 
35 : [] 
36 : [] 
37 : [] 
38 : [] 
39 : [21, 29, 49, 65, 73, 79, 82, 103, 113, 118, 119, 135, 138, 140, 156, 157, 163, 176] 
40 : [2, 11, 20, 60, 111, 115, 137, 145, 155, 171, 177, 189, 193] 
41 : [] 
42 : [] 
43 : [] 
44 : [27, 30, 32, 33, 38, 75] 
45 : [] 
46 : [] 
47 : [] 
48 : [] 
49 : [5, 7, 23, 36, 37, 43, 53, 76, 84, 102, 109, 122, 147, 167, 172, 173] 
50 : [40, 45, 47, 51, 87, 89, 108, 126, 133, 161, 164] 
51 : [] 
52 : [] 
53 : [] 
54 : [] 
55 : [] 
56 : [] 
57 : [1, 13, 15, 16, 18, 34, 69, 106, 121, 123, 146, 152, 153, 154, 169, 190, 191, 194, 197] 
58 : [] 
59 : [4, 12, 14, 17, 22, 42, 46, 50, 54, 83, 85, 91, 96, 112, 127, 142, 150, 178, 183, 196] 
fitness : 34408 
