Instalações : Clientes 
0 : [] 
1 : [] 
2 : [] 
3 : [0, 6, 14, 23, 34, 38, 39, 43, 62, 70, 96, 107, 108, 116, 122, 155, 159, 176, 180] 
4 : [] 
5 : [17, 42, 45, 49, 76, 93, 98, 112, 129, 134, 137, 140, 171, 172, 174, 186, 192] 
6 : [10, 64, 75, 81, 121, 123, 147, 149, 168] 
7 : [] 
8 : [3, 4, 8, 11, 15, 18, 19, 28, 47, 48, 53, 56, 125, 130, 136, 144] 
9 : [] 
10 : [2, 13, 16, 22, 32, 61, 92, 100, 115, 126, 128, 138, 161, 182, 191] 
11 : [] 
12 : [] 
13 : [12, 24, 29, 36, 50, 52, 54, 66, 91, 94, 103, 113, 117, 120, 166, 173, 193, 199] 
14 : [7] 
15 : [] 
16 : [] 
17 : [] 
18 : [] 
19 : [] 
20 : [] 
21 : [] 
22 : [] 
23 : [] 
24 : [21, 35, 41, 44, 46, 59, 67, 72, 77, 79, 101, 104, 148, 156, 179, 187, 196] 
25 : [] 
26 : [] 
27 : [71, 95, 118, 131] 
28 : [51, 58, 60, 65, 69, 90, 102, 114, 124, 135, 152, 154, 157, 162, 163, 170, 175, 190, 194] 
29 : [] 
30 : [] 
31 : [] 
32 : [] 
33 : [] 
34 : [1, 9, 20, 25, 26, 30, 31, 40, 57, 68, 78, 85, 86, 87, 89, 97, 111, 142, 164, 183] 
35 : [] 
36 : [] 
37 : [] 
38 : [] 
39 : [] 
40 : [] 
41 : [74, 145, 165, 184] 
42 : [] 
43 : [] 
44 : [55, 83, 84, 99, 106, 110, 119, 141, 143, 160, 169, 197, 198] 
45 : [] 
46 : [] 
47 : [] 
48 : [] 
49 : [82, 105, 127, 133, 139, 146, 151, 158, 167, 178, 181, 189] 
50 : [] 
51 : [] 
52 : [] 
53 : [] 
54 : [] 
55 : [] 
56 : [] 
57 : [] 
58 : [5, 27, 33, 37, 63, 73, 80, 88, 109, 132, 150, 153, 177, 185, 188, 195] 
59 : [] 
fitness : 32770 
