Instalações : Clientes 
0 : [] 
1 : [4, 19, 20, 23, 24, 66] 
2 : [0, 1, 2, 3, 5, 7, 8, 9, 10, 11, 12, 13, 14, 16, 17, 18, 22, 25, 26, 27, 28, 29, 74] 
3 : [] 
4 : [] 
5 : [] 
6 : [21, 30, 31, 32, 33, 34, 35, 36, 37, 38, 39, 40, 42, 44, 46, 47, 50, 51, 65] 
7 : [41, 43, 45, 48, 49, 52, 53, 54, 55, 56, 57, 58, 59, 60, 61, 63, 64, 67, 68, 71, 73] 
8 : [] 
9 : [] 
10 : [] 
11 : [] 
12 : [] 
13 : [84, 85, 86, 87, 88, 89] 
14 : [] 
15 : [] 
16 : [] 
17 : [6, 62, 69, 70, 72, 75, 76, 77, 78, 79, 80, 81, 82, 83, 90, 91, 92, 93, 94, 95, 96, 97, 98, 99] 
18 : [] 
19 : [15] 
fitness : 9030 
