Instalações : Clientes 
0 : [9, 16, 19, 32, 39, 45, 52, 56, 60, 67, 73, 83, 85, 96, 102, 110, 130, 139, 140, 143] 
1 : [] 
2 : [] 
3 : [] 
4 : [] 
5 : [] 
6 : [] 
7 : [6, 14, 57, 81, 90, 92, 101, 107, 109, 112, 148] 
8 : [] 
9 : [] 
10 : [] 
11 : [5, 17, 36, 40, 44, 46, 51, 53, 58, 61, 64, 72, 86, 93, 94, 106, 113, 116, 118, 119, 120, 126, 128, 131, 132, 147, 149] 
12 : [] 
13 : [] 
14 : [] 
15 : [] 
16 : [] 
17 : [] 
18 : [] 
19 : [3, 8, 15, 20, 21, 23, 26, 43, 54, 59, 75, 78, 82, 84, 97, 100, 104, 111, 125] 
20 : [0, 2, 4, 11, 12, 13, 25, 34, 35, 41, 47, 49, 55, 62, 70, 71, 77, 80, 88, 99, 108, 121, 123, 124, 134, 135, 138, 141, 142, 144] 
21 : [] 
22 : [] 
23 : [] 
24 : [] 
25 : [7, 18, 22, 27, 28, 29, 30, 31, 37, 38, 42, 50, 65, 68, 74, 91, 95, 98, 103, 105, 114, 115, 117, 127, 136, 137, 146] 
26 : [] 
27 : [1, 10, 24, 33, 48, 63, 66, 69, 76, 79, 87, 89, 122, 129, 133, 145] 
28 : [] 
29 : [] 
fitness : 20631 
