Instalações : Clientes 
0 : [39, 46, 61, 66, 78, 82, 84, 91, 92, 94, 99, 119, 123, 134, 137, 141, 148, 155, 162, 173, 193] 
1 : [] 
2 : [] 
3 : [4, 5, 9, 12, 16, 27, 32, 36, 37, 38, 45, 47, 53, 54, 62, 65, 74, 80, 103, 104, 105, 108, 125, 127, 139, 153, 159, 172] 
4 : [] 
5 : [] 
6 : [18] 
7 : [] 
8 : [] 
9 : [] 
10 : [1, 3, 19, 24, 25, 44, 63, 83, 95, 120, 133, 144, 154, 168, 169, 179] 
11 : [2, 11, 14, 35, 40, 60, 85, 97, 107, 113, 122, 131, 135, 138, 145, 158, 163, 167, 180, 181, 187, 199] 
12 : [] 
13 : [] 
14 : [] 
15 : [] 
16 : [] 
17 : [6, 8, 22, 31, 106, 112, 185, 190, 195] 
18 : [] 
19 : [10, 13, 17, 26, 29, 51, 57, 87, 89, 98, 114, 118, 124, 132, 136, 157, 164, 171, 183, 191] 
20 : [] 
21 : [50, 52, 55, 58, 67, 70, 77, 79, 100, 111, 130, 143, 161, 165, 177] 
22 : [0, 7, 34, 41, 42, 43, 96, 117, 121, 129, 146, 147, 151, 160, 166, 178, 182, 184, 198] 
23 : [20, 28, 33, 72, 75, 90, 101, 102, 128, 192, 196] 
24 : [15, 48, 49, 59, 68, 69, 71, 76, 81, 115, 116, 142, 149, 150, 156, 188, 197] 
25 : [] 
26 : [] 
27 : [] 
28 : [21, 23, 30, 56, 64, 73, 86, 88, 93, 109, 110, 126, 140, 152, 170, 174, 175, 176, 186, 189, 194] 
29 : [] 
fitness : 31102 
