Instalações : Clientes 
0 : [] 
1 : [] 
2 : [] 
3 : [] 
4 : [] 
5 : [] 
6 : [] 
7 : [0, 117, 122, 160, 170, 190, 194] 
8 : [] 
9 : [] 
10 : [] 
11 : [] 
12 : [] 
13 : [] 
14 : [30, 47, 55, 88, 105, 108, 132, 136, 163] 
15 : [] 
16 : [] 
17 : [8, 26] 
18 : [] 
19 : [78, 107, 116, 134, 146, 149, 152, 153, 154, 168] 
20 : [53, 56, 63, 66, 90, 95, 96, 101, 104, 143, 145, 162, 166, 172, 174, 187] 
21 : [16, 70, 80, 92, 94, 102, 110, 120, 123, 124, 130, 144, 147, 165, 181, 186, 191, 192] 
22 : [] 
23 : [] 
24 : [] 
25 : [] 
26 : [] 
27 : [32, 67, 93, 99, 112, 113, 114, 126, 148, 177, 179, 188] 
28 : [21, 51, 59, 65, 69, 77, 82, 87, 97, 106, 115, 128, 139, 164, 169, 175, 180, 199] 
29 : [] 
30 : [11, 83, 137, 141, 178, 183, 185, 189, 198] 
31 : [] 
32 : [7, 13, 23, 28, 35, 36, 37, 43, 58, 76, 84, 109, 129, 173, 184] 
33 : [] 
34 : [15, 18, 44, 46, 52, 60, 61, 62, 74, 75, 86, 111, 158] 
35 : [] 
36 : [] 
37 : [] 
38 : [] 
39 : [29, 31, 34, 38, 39, 40, 45, 49, 54, 85, 91, 100, 103, 155, 156, 157, 176] 
40 : [] 
41 : [] 
42 : [] 
43 : [] 
44 : [] 
45 : [] 
46 : [] 
47 : [] 
48 : [] 
49 : [] 
50 : [] 
51 : [] 
52 : [] 
53 : [] 
54 : [10, 17, 22, 41, 73, 118, 127, 131, 135, 138] 
55 : [33, 42, 81, 133, 161, 195] 
56 : [48, 57, 71, 72, 79, 89, 119, 121, 125, 140, 159, 197] 
57 : [] 
58 : [] 
59 : [1, 2, 3, 4, 5, 6, 9, 12, 14, 19, 20, 24, 25, 27, 50, 64, 68, 98, 142, 150, 151, 167, 171, 182, 193, 196] 
fitness : 32938 
