Instalações : Clientes 
0 : [] 
1 : [] 
2 : [0, 8, 9, 18, 46, 51, 56, 69, 77, 104, 113, 124, 142, 154, 157, 170, 175, 184, 190, 194] 
3 : [] 
4 : [27, 42, 55, 83, 95, 99, 110, 123, 141, 143, 160, 169, 174, 197] 
5 : [] 
6 : [106, 177, 191, 195] 
7 : [] 
8 : [] 
9 : [] 
10 : [] 
11 : [] 
12 : [] 
13 : [4, 10, 13, 14, 17, 20, 34, 68, 71, 73, 74, 76, 81, 88, 117, 134, 146, 155, 178, 181, 185, 188, 193] 
14 : [151] 
15 : [] 
16 : [] 
17 : [] 
18 : [] 
19 : [] 
20 : [] 
21 : [] 
22 : [64, 115, 121, 126, 128, 147, 168, 182, 192] 
23 : [] 
24 : [2, 6, 12, 23, 25, 33, 36, 37, 41, 49, 54, 62, 63, 94, 101, 138, 145, 149, 150, 156, 161, 167, 183] 
25 : [] 
26 : [3, 5, 15, 21, 50, 58, 60, 65, 87, 91, 100, 102, 109, 127, 135, 136, 152, 162] 
27 : [] 
28 : [] 
29 : [] 
30 : [19, 22, 24, 29, 35, 45, 75, 79, 84, 98, 112, 119, 120, 129, 131, 137, 171, 186, 198] 
31 : [] 
32 : [] 
33 : [] 
34 : [7, 31, 43, 48, 70, 96, 105, 116, 133, 139, 158, 176] 
35 : [] 
36 : [] 
37 : [] 
38 : [] 
39 : [] 
40 : [26, 39, 40, 53, 78, 82, 85, 97, 111, 144, 153, 163, 180, 189, 199] 
41 : [] 
42 : [] 
43 : [] 
44 : [] 
45 : [] 
46 : [] 
47 : [16, 32, 61, 92, 132] 
48 : [11, 28, 44, 52, 59, 66, 67, 72, 90, 93, 103, 114, 118, 122, 140, 148, 165, 166, 172, 173, 179, 187, 196] 
49 : [] 
50 : [1, 30, 38, 47, 57, 80, 86, 89, 107, 108, 125, 130, 159, 164] 
51 : [] 
52 : [] 
53 : [] 
54 : [] 
55 : [] 
56 : [] 
57 : [] 
58 : [] 
59 : [] 
fitness : 32846 
