Instalações : Clientes 
0 : [163] 
1 : [] 
2 : [70, 112, 134, 153, 156, 160, 162, 196] 
3 : [] 
4 : [7, 8, 24, 25, 29, 36, 38, 41, 46, 47, 51, 52, 53, 60, 65, 66, 67, 68, 73, 82, 83, 87, 88, 91, 96, 98, 100, 103, 104, 106, 109, 111, 114, 117, 118, 119, 121, 127, 142, 146, 147, 150, 154, 157, 164, 165, 167, 178, 184, 187, 188, 192, 193, 198] 
5 : [] 
6 : [] 
7 : [] 
8 : [] 
9 : [1, 6, 32, 35, 39, 40, 49, 55, 69, 74, 80, 95, 108, 110, 151, 189] 
10 : [93, 159] 
11 : [] 
12 : [0, 2, 19, 21, 23, 78, 90, 101, 113, 115, 122, 129, 131, 133, 136, 137, 140, 143, 158, 170, 171, 173, 197] 
13 : [168, 175, 177, 199] 
14 : [3, 4, 5, 20, 42, 43, 62, 75, 79, 81, 123, 124, 155, 161, 166, 169, 181, 195] 
15 : [] 
16 : [10, 30, 31, 149, 176, 180, 182, 190, 194] 
17 : [] 
18 : [] 
19 : [174] 
20 : [61] 
21 : [] 
22 : [] 
23 : [] 
24 : [132] 
25 : [] 
26 : [9, 11, 12, 13, 14, 15, 16, 17, 18, 22, 26, 28, 33, 34, 37, 44, 45, 48, 50, 54, 56, 58, 59, 63, 64, 71, 76, 85, 86, 89, 92, 97, 99, 107, 116, 126, 128, 130, 135, 138, 139, 141, 144, 145, 148, 152, 179, 183, 185, 186, 191] 
27 : [] 
28 : [] 
29 : [27, 57, 72, 77, 84, 94, 102, 105, 120, 125, 172] 
fitness : 33354 
