Instalações : Clientes 
0 : [27, 30, 37, 39, 44, 45, 78, 84, 86, 90, 91, 94, 99, 109, 128, 140, 148, 159, 170, 174, 186, 189, 193] 
1 : [] 
2 : [1, 12, 16, 33, 46, 61, 66, 81, 82, 92, 93, 103, 111, 123, 127, 155, 161, 172, 173] 
3 : [2, 3, 4, 5, 21, 23, 47, 50, 56, 57, 58, 63, 74, 76, 85, 95, 97, 104, 105, 112, 114, 133, 135, 153, 158, 182] 
4 : [] 
5 : [18, 24, 26, 34, 38, 73, 75, 98, 102, 113, 119, 132, 138, 154, 162, 171, 192, 194, 195, 196] 
6 : [] 
7 : [] 
8 : [] 
9 : [] 
10 : [7, 14, 15, 20, 25, 43, 60, 67, 80, 100, 101, 106, 120, 143, 144, 147, 163, 168, 181, 187, 190] 
11 : [] 
12 : [0, 13, 28, 54, 64, 72, 88, 125, 126, 136, 137, 139, 141] 
13 : [40, 42, 49, 70, 116, 150, 179, 198] 
14 : [] 
15 : [] 
16 : [] 
17 : [6, 8, 29, 36, 41, 65, 107, 185] 
18 : [] 
19 : [] 
20 : [] 
21 : [48, 52, 68, 69, 83, 130, 165, 167, 169] 
22 : [9, 10, 22, 31, 51, 87, 89, 96, 117, 118, 121, 124, 131, 146, 151, 157, 160, 164, 166, 178, 180, 184, 188, 191, 199] 
23 : [] 
24 : [11, 17, 19, 35, 59, 62, 71, 115, 122, 129, 142, 145, 149, 156, 177, 183, 197] 
25 : [] 
26 : [32, 53, 55, 77, 79, 108, 110, 134, 152, 175, 176] 
27 : [] 
28 : [] 
29 : [] 
fitness : 31223 
