Instalações : Clientes 
0 : [0, 13, 15, 17, 19, 20, 31, 34, 40, 49, 60, 64, 65, 67, 73, 75, 81, 83, 84, 85, 103, 114, 130, 139, 147, 149] 
1 : [] 
2 : [16, 39, 45, 56, 86, 90, 94, 104, 108, 111, 112, 136] 
3 : [] 
4 : [] 
5 : [] 
6 : [] 
7 : [6, 21, 25, 46, 57, 63, 69, 87, 101, 107, 128, 148] 
8 : [] 
9 : [] 
10 : [] 
11 : [5, 7, 18, 27, 28, 29, 33, 36, 42, 44, 53, 61, 72, 74, 89, 91, 93, 113, 116, 117, 118, 119, 120, 126, 131, 132, 140, 146] 
12 : [] 
13 : [] 
14 : [62, 77, 80, 82, 88, 110, 123, 135, 138, 141, 142, 143, 144] 
15 : [] 
16 : [] 
17 : [35, 41, 47, 55, 59, 102] 
18 : [2, 4, 8, 9, 11, 22, 32, 43, 52, 54, 68, 70, 71, 100, 115, 121, 124, 133, 134] 
19 : [3, 12, 14, 23, 26, 38, 51, 78, 92, 96, 97, 99, 106, 109, 125, 129] 
20 : [] 
21 : [] 
22 : [] 
23 : [] 
24 : [] 
25 : [] 
26 : [] 
27 : [1, 10, 24, 30, 37, 48, 50, 58, 66, 76, 79, 95, 98, 105, 122, 127, 137, 145] 
28 : [] 
29 : [] 
fitness : 22027 
