Instalações : Clientes 
0 : [] 
1 : [] 
2 : [] 
3 : [] 
4 : [] 
5 : [] 
6 : [0] 
7 : [] 
8 : [8, 15, 29, 91, 93, 106, 112, 115, 119, 126, 159, 188] 
9 : [] 
10 : [] 
11 : [] 
12 : [] 
13 : [] 
14 : [] 
15 : [2, 13, 34, 61, 74, 78, 80, 92, 94, 100, 110, 117, 130, 134, 146, 186, 191, 192] 
16 : [] 
17 : [4, 12, 27, 111] 
18 : [5, 25, 57, 84, 102, 120, 125, 198] 
19 : [10, 18, 39, 40, 63, 68, 79, 107, 148, 149, 164, 180] 
20 : [] 
21 : [] 
22 : [] 
23 : [] 
24 : [] 
25 : [35, 36, 37, 43, 62, 76, 90, 109, 129, 162, 166, 172, 173, 183, 184] 
26 : [] 
27 : [6, 30, 31, 32, 45, 55, 83, 99, 103, 113, 132, 153, 169, 175, 179, 195] 
28 : [] 
29 : [] 
30 : [] 
31 : [] 
32 : [] 
33 : [] 
34 : [23, 24, 28, 53, 54, 60, 64, 66, 86, 101, 104, 137, 174, 182, 187] 
35 : [] 
36 : [] 
37 : [] 
38 : [16, 41, 44, 70, 71, 72, 122, 123, 144, 147, 152, 165, 181] 
39 : [3, 20, 26, 33, 38, 46, 47, 50, 75, 85, 118, 127, 138, 156, 157, 185] 
40 : [] 
41 : [] 
42 : [] 
43 : [] 
44 : [] 
45 : [] 
46 : [14, 17, 42, 49, 65, 98, 155, 178] 
47 : [1, 9, 51, 59, 69, 77, 82, 114, 121, 140, 154, 160, 168, 170, 190, 194, 199] 
48 : [] 
49 : [] 
50 : [] 
51 : [] 
52 : [] 
53 : [] 
54 : [11, 73, 87, 128, 135, 139, 141] 
55 : [81, 88, 108, 133, 136, 161, 163] 
56 : [7, 19, 22, 48, 52, 67, 89, 95, 97, 116, 124, 145, 177, 197] 
57 : [] 
58 : [] 
59 : [21, 56, 58, 96, 105, 131, 142, 143, 150, 151, 158, 167, 171, 176, 189, 193, 196] 
fitness : 34001 
