Instalações : Clientes 
0 : [] 
1 : [] 
2 : [0, 57, 78, 105, 106, 107, 117, 129, 130, 137, 144, 150, 155, 186] 
3 : [] 
4 : [] 
5 : [] 
6 : [] 
7 : [] 
8 : [] 
9 : [] 
10 : [] 
11 : [30, 54, 67, 87, 94, 121, 134, 139, 160, 162, 164, 173, 177, 184, 193, 195] 
12 : [] 
13 : [] 
14 : [] 
15 : [5, 13, 29, 44, 45, 53, 70, 90, 93, 146, 152, 170, 192] 
16 : [2, 6, 11, 24, 26, 34, 37, 42, 47, 48, 63, 74, 75, 83, 92, 100, 103, 143, 151, 181, 196, 198] 
17 : [] 
18 : [] 
19 : [] 
20 : [52, 91, 109, 113, 115, 116, 120, 142, 153, 157, 175, 178, 185, 191, 194] 
21 : [] 
22 : [33, 65, 66, 77, 138, 154] 
23 : [] 
24 : [] 
25 : [] 
26 : [] 
27 : [3, 7, 8, 9, 18, 23, 40, 41, 46, 56, 68, 69, 79, 85, 104, 189] 
28 : [55, 61, 84, 89, 108, 110, 111, 125, 135, 147, 148, 183] 
29 : [] 
30 : [12, 21, 28, 31, 49, 50, 62, 64, 97, 98, 99, 114, 119, 133, 161, 168, 179, 187] 
31 : [] 
32 : [] 
33 : [126, 149, 163, 167, 171] 
34 : [] 
35 : [] 
36 : [16, 35, 36, 59, 60, 122, 128, 159, 166, 188, 197] 
37 : [169] 
38 : [] 
39 : [] 
40 : [] 
41 : [] 
42 : [] 
43 : [] 
44 : [4, 20, 25, 51, 58, 72, 80, 96, 101, 123, 136, 141, 145, 172, 176, 180, 182, 199] 
45 : [] 
46 : [] 
47 : [] 
48 : [] 
49 : [] 
50 : [] 
51 : [] 
52 : [] 
53 : [] 
54 : [27, 39, 88, 102, 112, 132, 140, 156, 158, 165, 174, 190] 
55 : [15, 19, 73, 82, 118, 127, 131] 
56 : [] 
57 : [] 
58 : [1, 10, 14, 22, 32, 38, 43, 71, 76, 81, 86, 95] 
59 : [17, 124] 
fitness : 34248 
