Instalações : Clientes 
0 : [] 
1 : [] 
2 : [] 
3 : [] 
4 : [] 
5 : [] 
6 : [] 
7 : [] 
8 : [] 
9 : [67, 72, 112, 124, 181, 197, 198] 
10 : [] 
11 : [0, 12, 33, 38, 56, 75, 85, 101, 111, 143, 150, 151, 167, 174, 185, 196] 
12 : [] 
13 : [] 
14 : [] 
15 : [] 
16 : [] 
17 : [] 
18 : [] 
19 : [10, 15, 32, 44, 62, 89, 107, 122, 148, 149, 170] 
20 : [] 
21 : [] 
22 : [] 
23 : [] 
24 : [13, 78, 94, 110, 146, 192] 
25 : [] 
26 : [] 
27 : [31, 39, 83, 103, 113, 121, 132, 135, 140, 153, 177, 179, 180, 188, 195] 
28 : [] 
29 : [] 
30 : [] 
31 : [] 
32 : [5, 7, 19, 23, 28, 35, 36, 37, 58, 61, 96, 102, 129, 166, 172, 173, 184, 187] 
33 : [] 
34 : [60, 64, 73, 79, 86, 119, 141, 145, 156, 159, 178, 182, 189] 
35 : [] 
36 : [] 
37 : [] 
38 : [] 
39 : [11, 14, 16, 17, 27, 46, 50, 54, 91, 127, 131, 138, 155, 157, 158, 176] 
40 : [4, 20, 26, 49, 66, 98, 137, 142, 171, 193] 
41 : [8, 30, 45, 51, 55, 65, 82, 87, 88, 99, 105, 115, 126, 136, 139, 161, 163, 169, 175] 
42 : [2, 41, 48, 53, 57, 109, 116, 147] 
43 : [] 
44 : [] 
45 : [] 
46 : [] 
47 : [1, 6, 18, 34, 40, 59, 69, 71, 80, 106, 114, 128, 130, 152, 160, 165, 168, 199] 
48 : [] 
49 : [] 
50 : [] 
51 : [25, 43, 63, 68, 76, 84, 95, 125, 144, 162, 183] 
52 : [] 
53 : [] 
54 : [] 
55 : [3, 21, 42, 47, 81, 108, 133] 
56 : [22, 29, 52, 90, 92, 93, 97, 104, 118, 191] 
57 : [9, 24, 70, 74, 77, 100, 117, 120, 123, 134, 154, 164, 186, 190, 194] 
58 : [] 
59 : [] 
fitness : 33748 
