Instalações : Clientes 
0 : [] 
1 : [1, 74, 78, 93, 101, 113, 125, 159, 183, 199] 
2 : [] 
3 : [10, 13, 15, 18, 19, 23, 25, 36, 43, 47, 49, 100, 104, 105, 170, 175, 185] 
4 : [37] 
5 : [] 
6 : [3, 38, 70, 99, 121, 127, 132, 134, 150, 157, 169, 194] 
7 : [] 
8 : [] 
9 : [29, 34, 41, 52, 56, 59, 62, 67, 72, 79, 91, 129, 133, 136, 138, 147, 153, 156, 158, 166, 172, 182, 186, 192] 
10 : [14, 31, 109, 110, 111, 112, 117, 160, 173, 176] 
11 : [] 
12 : [0, 2, 6, 11, 20, 22, 30, 44, 65, 71, 73, 87, 88, 89, 108, 131, 141, 142, 188] 
13 : [7, 8, 26, 46, 48, 50, 53, 55, 61, 66, 82, 86, 90, 95, 96, 103, 116, 130, 135, 137, 139, 152, 155, 161, 179, 184, 189, 193, 195, 197] 
14 : [32, 40, 75, 85, 92, 94, 102, 107, 114, 123, 128, 151, 165, 174, 177, 198] 
15 : [] 
16 : [] 
17 : [] 
18 : [] 
19 : [] 
20 : [9, 12, 16, 24, 27, 39, 45, 60, 68, 69, 77, 83, 98, 122, 126, 148, 164, 167, 171, 196] 
21 : [] 
22 : [4, 28, 33, 42, 51, 57, 58, 64, 119, 120, 145, 146, 149, 154, 163, 190, 191] 
23 : [] 
24 : [] 
25 : [] 
26 : [] 
27 : [84, 118, 143, 180] 
28 : [] 
29 : [5, 17, 21, 35, 54, 63, 76, 80, 81, 97, 106, 115, 124, 140, 144, 162, 168, 178, 181, 187] 
fitness : 31345 
