Instalações : Clientes 
0 : [] 
1 : [] 
2 : [] 
3 : [] 
4 : [] 
5 : [] 
6 : [] 
7 : [] 
8 : [0, 22, 30, 31, 45, 51, 87, 115, 128, 164, 188] 
9 : [] 
10 : [] 
11 : [] 
12 : [] 
13 : [] 
14 : [] 
15 : [2, 8, 13, 16, 24, 29, 70, 80, 100, 110, 117, 134, 146, 160, 165, 168, 181, 194, 199] 
16 : [] 
17 : [] 
18 : [] 
19 : [1, 6, 55, 59, 92, 97, 99, 106, 107, 153, 154, 170, 195] 
20 : [] 
21 : [44, 48, 61, 62, 68, 74, 83, 89, 94, 112, 116, 123, 131, 144, 147, 159, 175, 186, 192, 197] 
22 : [] 
23 : [] 
24 : [] 
25 : [19, 25, 34, 39, 41, 52, 53, 57, 76, 90, 95, 102, 109, 122, 125, 148, 162, 183, 198] 
26 : [] 
27 : [] 
28 : [] 
29 : [] 
30 : [] 
31 : [] 
32 : [3, 5, 11, 12, 14, 17, 18, 32, 33, 56, 64, 79, 84, 129, 145, 167, 185] 
33 : [] 
34 : [] 
35 : [] 
36 : [] 
37 : [] 
38 : [67, 71, 72, 78, 120, 121, 139, 149, 152, 190, 191] 
39 : [27, 42, 50, 77, 82, 91, 103, 111, 135, 136, 138, 156, 157, 158, 161, 163, 179, 193] 
40 : [] 
41 : [] 
42 : [] 
43 : [] 
44 : [40, 127, 132, 155, 180] 
45 : [] 
46 : [] 
47 : [] 
48 : [] 
49 : [4, 7, 15, 23, 35, 36, 37, 38, 58, 60, 86, 96, 150, 172, 173, 174, 196] 
50 : [] 
51 : [] 
52 : [9, 26, 28, 43, 63, 101, 104, 130, 166, 182, 184, 187] 
53 : [] 
54 : [] 
55 : [47, 73, 105, 108, 133] 
56 : [10, 20, 21, 54, 69, 81, 88, 93, 113, 114, 119, 124, 140, 177] 
57 : [] 
58 : [] 
59 : [46, 49, 65, 66, 75, 85, 98, 118, 126, 137, 141, 142, 143, 151, 169, 171, 176, 178, 189] 
fitness : 34679 
