Instalações : Clientes 
0 : [60, 67, 130] 
1 : [] 
2 : [6, 13, 15, 26, 56, 92, 94, 101, 104, 148] 
3 : [] 
4 : [] 
5 : [5, 18, 21, 31, 33, 48, 53, 61, 72, 79, 89, 105, 114, 120, 122, 125, 126, 146, 147, 149] 
6 : [] 
7 : [] 
8 : [25, 88, 123, 138, 142, 144] 
9 : [] 
10 : [] 
11 : [1, 14, 19, 20, 23, 40, 43, 58, 63, 64, 65, 86, 87, 93, 103, 106, 107, 113, 128, 131, 136, 140, 145] 
12 : [] 
13 : [] 
14 : [16, 34, 39, 41, 45, 47, 49, 51, 52, 59, 62, 77, 80, 90, 96, 99, 102, 110, 111, 135, 143] 
15 : [] 
16 : [2, 54] 
17 : [9, 17, 73, 81, 83, 85, 112, 139] 
18 : [] 
19 : [84] 
20 : [] 
21 : [10, 38, 46, 50, 57, 68, 98, 115, 129] 
22 : [] 
23 : [] 
24 : [7, 22, 24, 27, 28, 29, 30, 36, 37, 42, 44, 66, 69, 74, 76, 91, 95, 97, 116, 117, 118, 119, 127, 132, 133, 137] 
25 : [] 
26 : [] 
27 : [] 
28 : [0, 3, 4, 8, 11, 12, 32, 35, 55, 70, 71, 75, 78, 82, 100, 108, 109, 121, 124, 134, 141] 
29 : [] 
fitness : 15202 
