Instalações : Clientes 
0 : [1, 23, 30, 46, 72, 73, 77] 
1 : [] 
2 : [5, 17, 42, 63, 65, 83] 
3 : [] 
4 : [20, 24, 51, 57, 87] 
5 : [2, 29, 35, 75] 
6 : [80] 
7 : [41, 74, 82] 
8 : [0, 39, 44, 52, 64, 67, 68, 79, 88] 
9 : [] 
10 : [] 
11 : [] 
12 : [7, 9, 13, 62, 85] 
13 : [] 
14 : [] 
15 : [10, 40] 
16 : [66] 
17 : [3, 31, 32, 69, 76] 
18 : [] 
19 : [45] 
20 : [19, 70] 
21 : [12, 16, 22, 27, 28, 37, 38, 61] 
22 : [] 
23 : [] 
24 : [26, 34, 50, 53, 54, 56, 60, 78] 
25 : [4, 14, 59, 84, 89] 
26 : [] 
27 : [11, 15, 18, 21, 25, 33, 55, 58, 71, 81] 
28 : [6, 8, 36, 43, 47, 48, 49, 86] 
29 : [] 
fitness : 96937 
