Instalações : Clientes 
0 : [] 
1 : [] 
2 : [9, 14, 41, 42, 65, 75, 82] 
3 : [] 
4 : [1, 24, 37, 60, 64] 
5 : [2, 7, 15, 29] 
6 : [] 
7 : [10, 51, 53] 
8 : [0, 5, 8, 12, 17, 21, 39, 52, 66, 68, 88] 
9 : [13, 27, 31, 43, 57] 
10 : [11, 33, 58, 67, 79, 89] 
11 : [] 
12 : [16, 23, 50, 62, 73, 74] 
13 : [] 
14 : [] 
15 : [28, 80] 
16 : [] 
17 : [55, 69, 85, 87] 
18 : [3, 56] 
19 : [] 
20 : [70] 
21 : [] 
22 : [] 
23 : [22, 35, 38, 45, 71] 
24 : [19, 26, 32, 34, 44, 54, 76, 78] 
25 : [4, 25, 40, 59, 61] 
26 : [18] 
27 : [6, 30, 36, 46, 63, 83] 
28 : [47, 48, 49, 72, 77, 84, 86] 
29 : [20, 81] 
fitness : 100874 
