Instalações : Clientes 
0 : [] 
1 : [] 
2 : [] 
3 : [] 
4 : [] 
5 : [] 
6 : [] 
7 : [] 
8 : [] 
9 : [15, 57, 89, 125] 
10 : [2, 44, 117, 123, 165, 191] 
11 : [] 
12 : [] 
13 : [] 
14 : [] 
15 : [] 
16 : [] 
17 : [10, 14, 75] 
18 : [] 
19 : [71, 92, 107, 110, 112, 140, 148, 149, 197] 
20 : [20, 28, 41, 58, 61, 63, 86, 101, 104, 129, 137, 166, 174, 185, 198] 
21 : [] 
22 : [] 
23 : [] 
24 : [] 
25 : [] 
26 : [0, 11, 12, 42, 66, 85, 98, 143, 150, 167, 178, 193, 196] 
27 : [] 
28 : [1, 6, 16, 29, 47, 59, 73, 80, 82, 87, 99, 108, 114, 115, 128, 136, 139, 163, 169, 175, 199] 
29 : [] 
30 : [] 
31 : [] 
32 : [] 
33 : [] 
34 : [] 
35 : [] 
36 : [5, 7, 23, 35, 36, 37, 43, 53, 56, 84, 96, 145, 172, 173, 184, 187] 
37 : [] 
38 : [] 
39 : [21, 22, 27, 34, 38, 39, 54, 91, 118, 127, 133, 135, 138, 141, 156, 157, 159, 176, 177] 
40 : [] 
41 : [3, 30, 31, 32, 33, 45, 51, 55, 65, 81, 88, 105, 126, 131, 132, 153, 161, 164, 180] 
42 : [] 
43 : [] 
44 : [] 
45 : [] 
46 : [] 
47 : [8, 9, 13, 18, 40, 70, 72, 77, 106, 113, 124, 130, 146, 160, 168, 188, 195] 
48 : [] 
49 : [] 
50 : [] 
51 : [19, 48, 62, 76, 90, 102, 109, 116, 144, 162, 183] 
52 : [] 
53 : [] 
54 : [] 
55 : [] 
56 : [52, 60, 67, 68, 93, 95, 97, 103, 121, 147, 179, 181] 
57 : [69, 74, 78, 94, 100, 120, 122, 134, 152, 154, 170, 186, 190, 192, 194] 
58 : [] 
59 : [4, 17, 24, 25, 26, 46, 49, 50, 64, 79, 83, 111, 119, 142, 151, 155, 158, 171, 182, 189] 
fitness : 32525 
