Instalações : Clientes 
0 : [130, 194] 
1 : [] 
2 : [41, 42, 66, 74, 95, 110, 120, 155, 160, 161, 166, 181] 
3 : [] 
4 : [29, 32, 33, 38, 48, 52, 54, 58, 64, 67, 73, 76, 85, 92, 98, 106, 111, 116, 126, 132, 133, 135, 146, 158, 159, 163, 167, 177, 178, 179, 180, 182, 184, 190, 192, 193, 199] 
5 : [] 
6 : [] 
7 : [14, 65, 94, 102, 129, 153] 
8 : [7, 13, 22, 28, 34, 36, 43, 56, 75, 79, 81, 91, 104, 124, 127, 134, 138, 169, 187, 195] 
9 : [15, 16, 30, 39, 51, 62, 70, 80, 90, 101, 113, 123, 162, 170, 189, 196] 
10 : [] 
11 : [] 
12 : [] 
13 : [49, 50, 55, 59, 77, 82, 84, 103, 108, 114, 115, 137, 149, 151, 157, 175, 197] 
14 : [] 
15 : [6, 8, 9, 18, 23, 26, 35, 46, 71, 96, 99, 100, 107, 109, 119, 139, 148, 154, 188, 191, 198] 
16 : [2, 5, 10, 12, 19, 21, 24, 25, 27, 31, 37, 44, 45, 47, 53, 60, 61, 78, 83, 88, 89, 93, 117, 118, 121, 128, 131, 140, 143, 164, 165, 171, 173, 176, 183, 186] 
17 : [20, 68, 72, 105, 125, 136, 156, 168, 172, 174] 
18 : [] 
19 : [] 
20 : [] 
21 : [] 
22 : [57] 
23 : [3] 
24 : [] 
25 : [] 
26 : [0, 1, 4, 11, 17, 40, 63, 69, 86, 87, 97, 112, 141, 142, 144, 145, 147, 150, 152, 185] 
27 : [] 
28 : [122] 
29 : [] 
fitness : 33127 
