Instalações : Clientes 
0 : [0, 3, 6, 7, 9, 38, 47, 50, 52, 90, 94, 105, 125, 129, 131, 145, 153, 163, 169, 176, 180, 182, 188] 
1 : [] 
2 : [39, 53, 61, 77, 81, 98, 101, 126, 146, 147, 156, 157, 166, 175, 181, 189, 191, 197] 
3 : [] 
4 : [] 
5 : [] 
6 : [] 
7 : [] 
8 : [] 
9 : [] 
10 : [87, 151, 162, 177, 179, 198] 
11 : [55, 56, 65, 69, 71, 83, 89, 92, 93, 102, 114, 121, 127, 132, 140, 143, 144, 149, 155, 183, 184, 186, 195] 
12 : [] 
13 : [16, 36, 44, 46, 54, 64, 78, 95, 134, 136, 137, 154, 158, 159, 160, 164, 168] 
14 : [10, 17, 27, 41, 45, 48, 49, 63, 67, 82, 84, 86, 97, 109, 115, 135, 139, 171, 173, 185, 192] 
15 : [] 
16 : [] 
17 : [11, 14, 30, 42, 68, 100, 113, 116, 118, 120, 122, 138, 142, 172, 190, 199] 
18 : [20, 25, 35, 40, 58, 59, 62, 70, 103, 117, 194, 196] 
19 : [] 
20 : [] 
21 : [] 
22 : [] 
23 : [13, 24, 66, 74, 75, 76, 80, 85, 119, 133, 152, 170, 187] 
24 : [] 
25 : [] 
26 : [28, 31, 32, 43, 57, 60, 72, 73, 91, 104, 106, 110, 111, 123, 124, 128, 167, 174, 178, 193] 
27 : [1, 2, 4, 5, 8, 12, 15, 18, 19, 21, 22, 23, 26, 29, 33, 34, 37, 51, 79, 88, 96, 99, 107, 108, 112, 130, 141, 148, 150, 161, 165] 
28 : [] 
29 : [] 
fitness : 41406 
