Instalações : Clientes 
0 : [19, 23, 25, 34, 39, 40, 41, 56, 60, 62, 64, 65, 67, 77, 83, 85, 87, 88, 94, 96, 102, 110, 112, 123, 130, 135, 138, 139, 140, 142, 143, 144] 
1 : [] 
2 : [] 
3 : [] 
4 : [] 
5 : [5, 36, 42, 44, 53, 61, 74, 79, 91, 116, 117, 118, 120, 126, 132, 147, 149] 
6 : [] 
7 : [3, 9, 13, 15, 16, 35, 45, 52, 58, 59, 73, 81, 86, 92, 100, 101, 109] 
8 : [] 
9 : [] 
10 : [] 
11 : [0, 6, 103, 106, 107, 108, 113, 134, 146, 148] 
12 : [] 
13 : [] 
14 : [] 
15 : [] 
16 : [] 
17 : [] 
18 : [] 
19 : [20, 26, 47, 49, 51, 55, 70, 71, 75, 80, 82, 84, 90, 104, 141] 
20 : [] 
21 : [4, 22, 24, 30, 43, 50, 57, 68, 97, 98, 115, 129] 
22 : [] 
23 : [] 
24 : [] 
25 : [1, 2, 7, 11, 12, 14, 17, 27, 31, 46, 48, 54, 63, 72, 78, 93, 114, 119, 121, 122, 128, 133, 136] 
26 : [] 
27 : [] 
28 : [] 
29 : [8, 10, 18, 21, 28, 29, 32, 33, 37, 38, 66, 69, 76, 89, 95, 99, 105, 111, 124, 125, 127, 131, 137, 145] 
fitness : 26875 
