Instalações : Clientes 
0 : [] 
1 : [0, 43, 62, 81, 92, 106, 124, 133, 153, 170, 183, 192, 198] 
2 : [7, 22, 28, 37, 48, 51, 61, 64, 90, 95, 104, 109, 137, 152, 176, 193] 
3 : [9, 13, 20, 67, 101, 105, 123, 145, 168, 174, 185, 196] 
4 : [] 
5 : [] 
6 : [] 
7 : [] 
8 : [23, 24, 36, 49, 56, 78, 82, 102, 111, 117, 156, 175] 
9 : [11, 19, 29, 41, 50, 59, 63, 71, 97, 114, 118, 128, 129, 138, 144, 151, 158, 162, 166, 180, 182, 187] 
10 : [1, 8, 32, 85, 87, 107, 115, 147, 159, 165] 
11 : [] 
12 : [38, 47, 73, 74, 88, 89, 99, 100, 121, 132, 134, 142, 150, 169, 188, 194, 199] 
13 : [2, 3, 4, 42, 44, 46, 55, 65, 70, 80, 86, 103, 108, 112, 116, 120, 130, 131, 141, 154, 155, 157, 161, 179, 189, 191] 
14 : [] 
15 : [] 
16 : [] 
17 : [] 
18 : [33, 45, 53, 57, 58, 66, 96, 119, 135, 146, 149, 163, 184, 190] 
19 : [] 
20 : [5, 10, 12, 16, 17, 27, 34, 39, 52, 68, 69, 72, 75, 79, 83, 84, 91, 94, 110, 122, 136, 164, 167] 
21 : [] 
22 : [] 
23 : [] 
24 : [6, 40, 60, 77, 98, 126, 143, 148, 171] 
25 : [26, 30, 31, 139, 160, 173, 195, 197] 
26 : [] 
27 : [] 
28 : [] 
29 : [14, 15, 18, 21, 25, 35, 54, 76, 93, 113, 125, 127, 140, 172, 177, 178, 181, 186] 
fitness : 32096 
