Instalações : Clientes 
0 : [0, 19, 20, 25, 27, 28, 30, 33, 39, 45, 46, 58, 59, 66, 79, 84, 85, 86, 90, 109, 110, 133, 148, 155, 173, 175, 176] 
1 : [] 
2 : [] 
3 : [1, 3, 4, 5, 23, 32, 63, 65, 67, 74, 80, 81, 93, 105, 107, 108, 112, 116, 122, 131, 134, 135, 143, 150, 159, 168, 169, 181, 182, 186, 190] 
4 : [37, 91, 126, 170, 174, 193, 194] 
5 : [24, 26, 34, 36, 54, 75, 98, 101, 102, 113, 114, 119, 125, 132, 136, 138, 139, 154, 196] 
6 : [] 
7 : [] 
8 : [] 
9 : [] 
10 : [2, 12, 15, 41, 47, 49, 68, 76, 83, 95, 115, 130, 144, 149, 179, 191, 199] 
11 : [7, 8, 10, 11, 31, 35, 42, 43, 53, 70, 71, 77, 104, 129, 142, 147, 157, 163, 180, 187, 195] 
12 : [9, 18, 38, 56, 64, 72, 88, 100, 128, 140, 152, 162, 172, 192] 
13 : [] 
14 : [] 
15 : [] 
16 : [16, 44, 73, 82, 94, 123, 137, 141, 189] 
17 : [6, 97, 106, 117, 118, 127, 145, 158, 160] 
18 : [] 
19 : [13, 17, 22, 29, 51, 57, 60, 62, 87, 89, 96, 121, 124, 146, 151, 164, 166, 171, 178, 183, 184, 197] 
20 : [] 
21 : [14, 48, 50, 111, 120, 167, 177, 185, 188, 198] 
22 : [] 
23 : [] 
24 : [] 
25 : [] 
26 : [21, 52, 55, 61, 78, 92, 99, 103, 153, 161, 165] 
27 : [] 
28 : [] 
29 : [40, 69, 156] 
fitness : 31013 
