Instalações : Clientes 
0 : [0, 19, 25, 30, 33, 45, 46, 53, 58, 67, 68, 78, 82, 83, 84, 85, 91, 94, 99, 100, 109, 110, 111, 123, 128, 169, 174, 193] 
1 : [] 
2 : [32, 39, 52, 55, 61, 79, 81, 86, 92, 103, 131, 143, 155, 159, 161, 165, 170, 173, 188, 198] 
3 : [2, 3, 4, 5, 6, 13, 15, 47, 63, 70, 76, 87, 104, 105, 107, 108, 122, 127, 144, 158, 179, 182, 185, 190] 
4 : [] 
5 : [9, 26, 29, 31, 34, 36, 41, 57, 75, 98, 101, 102, 106, 113, 132, 135, 138, 154, 196] 
6 : [] 
7 : [167, 177] 
8 : [] 
9 : [] 
10 : [8, 11, 48, 50, 62, 65, 74, 80, 89, 95, 97, 130, 147, 149, 150, 163, 168, 180, 181, 187] 
11 : [] 
12 : [16, 24, 28, 56, 72, 88, 119, 125, 137, 152, 162, 194] 
13 : [] 
14 : [1, 7, 12, 27, 35, 40, 54, 90, 93, 114, 120, 134, 148, 176] 
15 : [] 
16 : [] 
17 : [] 
18 : [] 
19 : [] 
20 : [18, 112, 117, 145, 153, 164, 171, 191, 195] 
21 : [] 
22 : [10, 14, 17, 22, 51, 60, 71, 77, 96, 116, 118, 121, 124, 129, 146, 151, 156, 157, 160, 166, 178, 183, 184, 197] 
23 : [] 
24 : [20, 42, 43, 49, 59, 69, 115] 
25 : [] 
26 : [] 
27 : [] 
28 : [21, 23, 37, 38, 44, 64, 66, 73, 126, 133, 136, 139, 140, 141, 142, 172, 175, 186, 189, 192, 199] 
29 : [] 
fitness : 29650 
