Instalações : Clientes 
0 : [0, 20, 21, 22, 23, 33, 52, 61, 81, 89, 94, 98, 99, 105, 121, 146, 150, 153, 156, 163, 176, 188, 194] 
1 : [] 
2 : [] 
3 : [] 
4 : [] 
5 : [] 
6 : [55, 56, 69, 71, 83, 102, 127, 132, 140, 183, 195] 
7 : [] 
8 : [27, 36, 37, 41, 44, 49, 54, 57, 63, 67, 77, 78, 115, 119, 135, 136, 154, 158, 162, 167, 171, 173, 185] 
9 : [] 
10 : [17, 24, 48, 66, 74, 76, 80, 95, 109, 133, 134, 139, 164, 175, 177, 179, 180, 187, 198] 
11 : [] 
12 : [62] 
13 : [12, 13, 16, 46, 64, 75, 85, 87, 137, 145, 152, 159, 160, 166, 168, 170] 
14 : [] 
15 : [] 
16 : [] 
17 : [8, 9, 11, 14, 19, 90, 96, 116, 118, 122, 129, 138, 151, 186] 
18 : [] 
19 : [1, 5, 15, 30, 31, 35, 42, 68, 72, 86, 91, 97, 110, 113, 114, 123, 155, 172, 184, 193, 199] 
20 : [] 
21 : [2, 3, 4, 6, 7, 29, 39, 47, 50, 51, 53, 79, 101, 107, 125, 126, 131, 147, 157, 169, 181, 182, 189, 190, 191, 197] 
22 : [] 
23 : [] 
24 : [] 
25 : [] 
26 : [10, 28, 32, 43, 45, 60, 73, 82, 84, 100, 104, 106, 111, 120, 124, 128, 142, 174, 178, 192] 
27 : [18, 25, 26, 34, 38, 40, 58, 59, 65, 70, 88, 92, 93, 103, 108, 112, 117, 130, 141, 143, 144, 148, 149, 161, 165, 196] 
28 : [] 
29 : [] 
fitness : 41608 
