Instalações : Clientes 
0 : [0, 23, 24, 27, 61, 81, 94, 98, 105, 107, 116, 122, 131, 145, 146, 153, 157, 163, 176, 182, 188] 
1 : [] 
2 : [101, 180, 181, 189, 190, 191, 197] 
3 : [] 
4 : [] 
5 : [] 
6 : [97, 155, 167, 172, 183, 186, 192, 193, 195] 
7 : [103] 
8 : [12, 36, 37, 41, 43, 44, 45, 54, 57, 60, 76, 78, 115, 119, 120, 134, 135, 137, 154, 158, 159, 171, 178, 185] 
9 : [] 
10 : [49, 66, 74, 80, 129, 152, 162, 166, 173, 177, 179, 187, 198] 
11 : [3, 5, 6, 7, 8, 9, 14, 18, 29, 30, 33, 35, 40, 42, 55, 56, 71, 86, 89, 90, 96, 99, 104, 106, 111, 114, 123, 125, 127, 130, 132, 138, 140, 142, 175, 184, 194] 
12 : [] 
13 : [16, 22, 46, 64, 75, 77, 85, 95, 109, 133, 136, 160, 168, 170] 
14 : [2, 4, 10, 13, 32, 63, 67, 68, 73, 82, 84, 91, 100, 110, 118, 124, 128, 139, 151, 174, 199] 
15 : [] 
16 : [] 
17 : [] 
18 : [] 
19 : [] 
20 : [] 
21 : [] 
22 : [] 
23 : [] 
24 : [] 
25 : [15, 28, 59, 62, 65, 69, 72, 83, 92, 93, 102, 113, 117, 121, 143, 144, 149, 196] 
26 : [] 
27 : [1, 11, 17, 19, 20, 21, 25, 26, 31, 34, 38, 39, 47, 48, 50, 51, 52, 53, 58, 70, 79, 87, 88, 108, 112, 126, 141, 147, 148, 150, 156, 161, 164, 165, 169] 
28 : [] 
29 : [] 
fitness : 39770 
