Instalações : Clientes 
0 : [] 
1 : [] 
2 : [36, 49, 50, 51, 52, 53, 54, 55, 56, 57, 58, 59] 
3 : [] 
4 : [] 
5 : [5, 6, 29, 34, 40, 62, 66, 83, 84, 86, 87, 88, 90] 
6 : [] 
7 : [60] 
8 : [] 
9 : [] 
10 : [] 
11 : [] 
12 : [] 
13 : [61, 63, 64, 67, 68, 69, 70, 71, 72, 75, 76, 77, 78, 79, 80, 81, 85] 
14 : [] 
15 : [82, 89] 
16 : [] 
17 : [] 
18 : [0, 1, 2, 3, 4, 7, 8, 9, 10, 11, 12, 13, 14, 15, 16, 17, 18, 19, 20, 21, 22, 23, 24, 25, 26, 27, 28, 30, 31, 32, 33, 35, 37, 38, 39, 41, 42, 43, 44, 45, 46, 47, 48, 65, 73, 74, 91, 92, 93, 94, 95, 96, 97, 98, 99] 
19 : [] 
fitness : 9454 
