Instalações : Clientes 
0 : [] 
1 : [52, 191] 
2 : [12, 21, 37, 51, 59, 74, 89, 109, 118, 132, 136, 143, 161, 173, 186] 
3 : [] 
4 : [11, 38, 53, 66, 70, 93, 142, 144, 155, 167] 
5 : [5, 22, 31, 57, 81, 101, 107, 108, 139, 165] 
6 : [] 
7 : [] 
8 : [] 
9 : [] 
10 : [] 
11 : [1, 9, 13, 16, 17, 20, 33, 34, 42, 46, 56, 62, 68, 78, 95, 102, 104, 122, 127, 141, 159, 170, 178, 180, 183, 185, 195] 
12 : [] 
13 : [10, 15, 41, 45, 49, 65, 91, 92, 105, 114, 120, 153, 162, 181, 194] 
14 : [] 
15 : [0, 8, 69, 73, 76, 80, 85, 87, 119, 128, 133, 163, 174, 175, 197, 198] 
16 : [3, 24, 30, 40, 44, 71, 77, 79, 82, 86, 94, 103, 110, 135, 149] 
17 : [] 
18 : [83, 168] 
19 : [] 
20 : [19, 125, 148, 157, 158] 
21 : [23, 29, 32, 36, 54, 58, 90, 96, 97, 112, 134, 150, 152, 154, 193] 
22 : [6, 28, 35, 48, 60, 151, 187, 196] 
23 : [25, 27, 47, 67, 75, 98, 117, 126, 131, 147, 166, 171, 172, 188, 192] 
24 : [] 
25 : [7, 26, 64, 88, 100, 140, 176, 179] 
26 : [2, 4, 14, 18, 50, 63, 84, 99, 106, 111, 113, 115, 116, 123, 129, 130, 137, 138, 146, 160, 169, 177, 184, 189] 
27 : [39, 43, 55, 61, 72, 121, 124, 145, 156, 164, 182, 190, 199] 
28 : [] 
29 : [] 
fitness : 35864 
