Instalações : Clientes 
0 : [] 
1 : [] 
2 : [] 
3 : [0, 1, 9, 47, 48, 70, 96, 108, 125, 130, 133, 139, 155, 164, 176, 180] 
4 : [] 
5 : [6, 11, 19, 27, 35, 49, 64, 76, 94, 106, 122, 135, 152, 192, 193, 198] 
6 : [] 
7 : [] 
8 : [] 
9 : [] 
10 : [] 
11 : [] 
12 : [] 
13 : [10, 12, 14, 16, 17, 20, 32, 36, 38, 39, 50, 53, 56, 71, 98, 111, 116, 153, 156, 165, 166, 167, 172, 186] 
14 : [] 
15 : [] 
16 : [] 
17 : [] 
18 : [] 
19 : [] 
20 : [] 
21 : [] 
22 : [63, 79, 83, 92, 115, 121, 126, 143, 147, 161, 168, 178, 184, 188] 
23 : [] 
24 : [18, 21, 41, 46, 54, 62, 77, 91, 101, 103, 118, 131, 134, 146, 190, 196, 199] 
25 : [] 
26 : [] 
27 : [] 
28 : [3, 7, 15, 28, 51, 58, 60, 65, 69, 90, 97, 102, 157, 162, 170, 175, 194] 
29 : [] 
30 : [24, 29, 42, 45, 52, 55, 66, 93, 95, 99, 110, 112, 119, 120, 137, 141, 160, 171, 174, 197] 
31 : [] 
32 : [] 
33 : [34, 37, 73, 100, 109, 128, 132, 149, 181, 182, 195] 
34 : [] 
35 : [] 
36 : [] 
37 : [2, 22, 33, 75, 87, 88, 127, 138, 185, 191] 
38 : [] 
39 : [] 
40 : [4, 23, 26, 40, 57, 68, 78, 85, 86, 89, 113, 124, 136, 142, 144, 159, 163, 183] 
41 : [] 
42 : [13, 30, 31, 82, 105, 107, 158] 
43 : [] 
44 : [] 
45 : [] 
46 : [] 
47 : [] 
48 : [8, 25, 44, 59, 67, 72, 84, 104, 114, 123, 129, 140, 148, 154, 169, 173, 179, 187] 
49 : [] 
50 : [] 
51 : [] 
52 : [] 
53 : [] 
54 : [] 
55 : [] 
56 : [] 
57 : [] 
58 : [5, 43, 61, 74, 80, 81, 117, 145, 150, 151, 177, 189] 
59 : [] 
fitness : 32342 
