Instalações : Clientes 
0 : [29, 192] 
1 : [] 
2 : [65, 189, 196] 
3 : [] 
4 : [] 
5 : [5, 20, 24, 38, 41, 45, 47, 60, 72, 77, 82, 84, 94, 114, 120, 125, 128, 156, 168] 
6 : [] 
7 : [25, 68, 74, 102, 105, 110, 171, 172, 197] 
8 : [35, 99, 100, 107, 109, 119, 126, 130, 135, 139, 148, 179, 182, 186, 188, 190, 191, 195, 198] 
9 : [2, 3, 30, 39, 40, 62, 66, 69, 70, 80, 95, 101, 129, 137, 160] 
10 : [] 
11 : [] 
12 : [] 
13 : [34, 103, 117, 146, 149, 151, 173, 174, 175, 176, 180] 
14 : [0, 9, 11, 13, 22, 42, 43, 56, 75, 123, 124, 134, 138, 144, 153, 155, 161, 169, 181] 
15 : [] 
16 : [] 
17 : [] 
18 : [19] 
19 : [] 
20 : [] 
21 : [36, 53, 58, 59, 64, 71, 76, 78, 90, 112, 142, 143, 150, 163, 164, 167, 170, 177, 178, 193] 
22 : [] 
23 : [] 
24 : [] 
25 : [] 
26 : [1, 4, 6, 7, 8, 10, 12, 14, 15, 16, 17, 18, 21, 23, 26, 27, 28, 31, 32, 33, 44, 46, 48, 52, 54, 55, 61, 63, 67, 73, 79, 81, 83, 85, 86, 87, 88, 91, 92, 96, 97, 98, 104, 106, 108, 111, 115, 116, 118, 127, 131, 136, 140, 141, 145, 147, 152, 154, 162, 166, 183, 184, 185, 187, 194] 
27 : [] 
28 : [37, 49, 50, 51, 57, 89, 93, 113, 121, 122, 132, 133, 157, 158, 159, 165, 199] 
29 : [] 
fitness : 32402 
