Instalações : Clientes 
0 : [] 
1 : [0, 42, 43, 49, 52, 56, 78, 82, 84, 105, 127, 135, 136, 138, 147, 156, 166, 173, 178, 189, 190] 
2 : [4, 5, 17, 36, 38, 81, 121, 148, 191] 
3 : [75, 99, 116, 130, 132, 134, 137, 146, 154, 157, 159, 162, 163, 165, 168, 171, 177, 179, 183, 196] 
4 : [] 
5 : [] 
6 : [25, 61, 68, 73, 87, 92, 101, 103, 106, 108, 113, 126, 139, 140, 141, 143, 160, 169] 
7 : [] 
8 : [1, 2, 32, 34, 37, 39, 40, 64, 65, 90, 102, 107, 128, 129, 142, 151, 158, 167, 170, 185, 192, 195, 197] 
9 : [] 
10 : [] 
11 : [6, 18, 20, 30, 33, 51, 71, 80, 104, 109, 119, 124, 133, 184] 
12 : [] 
13 : [] 
14 : [] 
15 : [] 
16 : [] 
17 : [] 
18 : [9, 11, 22, 26, 31, 44, 47, 60, 74, 77, 79, 88, 93, 122, 164, 174, 175, 187, 193] 
19 : [7, 28, 35, 46, 54, 63, 89, 91, 96, 97, 111, 114, 115, 123, 180, 198] 
20 : [50] 
21 : [12, 23, 27, 29, 41, 53, 57, 58, 66, 76, 120, 150, 155, 161, 172, 199] 
22 : [13, 19, 21, 55, 69, 70, 72, 95, 117, 118, 153, 182, 186, 194] 
23 : [] 
24 : [] 
25 : [] 
26 : [] 
27 : [] 
28 : [3, 8, 14, 15, 16, 24, 45, 48, 59, 67, 85, 86, 94, 98, 100, 112, 131, 144, 145, 149, 176, 181] 
29 : [10, 62, 83, 110, 125, 152, 188] 
fitness : 31324 
