Instalações : Clientes 
0 : [] 
1 : [] 
2 : [17, 44, 45, 77, 78, 90, 92, 130, 144, 155, 186, 191] 
3 : [] 
4 : [7, 9, 32, 150, 166] 
5 : [] 
6 : [] 
7 : [] 
8 : [] 
9 : [] 
10 : [23, 48, 56, 63, 71, 88, 102, 103, 153, 165, 172, 196] 
11 : [30, 54, 76, 89, 94, 111, 134, 139, 145, 147, 162, 164, 193, 195] 
12 : [27, 58, 59, 181, 182] 
13 : [] 
14 : [] 
15 : [] 
16 : [6, 36, 42, 47, 73, 83, 85, 104, 109, 112, 116, 124, 143, 151, 156, 158, 198] 
17 : [] 
18 : [31, 53, 66, 93, 107, 114, 117, 137, 146, 152] 
19 : [] 
20 : [] 
21 : [] 
22 : [] 
23 : [] 
24 : [15, 16, 18, 34, 37, 38, 40, 52, 65, 115, 120, 125, 141, 174, 189] 
25 : [4, 25, 49, 80, 82, 97, 110, 119, 123, 128, 135, 179, 190] 
26 : [] 
27 : [3, 10, 21, 28, 33, 46, 68, 79, 105, 129, 169, 197] 
28 : [] 
29 : [] 
30 : [13, 35, 57, 72, 122, 161, 168, 170, 192] 
31 : [] 
32 : [] 
33 : [26, 43, 67, 74, 81, 86, 118, 121, 149, 163, 167, 184, 188] 
34 : [] 
35 : [] 
36 : [] 
37 : [] 
38 : [] 
39 : [] 
40 : [75, 100, 106, 113, 126, 132, 140, 142, 171, 194] 
41 : [91, 157, 177] 
42 : [] 
43 : [] 
44 : [8, 12, 20, 41, 50, 62, 69, 84, 98, 99, 133, 136, 138, 159, 176, 180, 183, 199] 
45 : [] 
46 : [5, 51, 64, 70, 96, 101] 
47 : [] 
48 : [] 
49 : [] 
50 : [] 
51 : [14, 19, 24, 60, 61, 87, 131, 148, 160] 
52 : [] 
53 : [] 
54 : [] 
55 : [] 
56 : [154, 178, 185] 
57 : [] 
58 : [0, 1, 2, 11, 22, 29, 39, 55, 95, 108, 127, 173, 175, 187] 
59 : [] 
fitness : 34650 
