Instalações : Clientes 
0 : [] 
1 : [1, 46, 47, 74, 106, 113, 162, 181, 183, 185, 199] 
2 : [] 
3 : [] 
4 : [57] 
5 : [3, 16, 30, 53, 55, 58, 65, 103, 104, 111, 116, 131, 134, 145, 152, 154, 160, 161] 
6 : [] 
7 : [] 
8 : [66, 197] 
9 : [5, 18, 25, 29, 32, 34, 41, 59, 63, 72, 124, 133, 138, 140, 144, 153, 158, 172, 180, 182, 186, 192] 
10 : [] 
11 : [] 
12 : [0, 4, 11, 13, 20, 21, 36, 42, 43, 44, 49, 70, 73, 88, 89, 115, 121, 132, 150, 188, 194] 
13 : [48, 51, 61, 64, 95, 96, 99, 108, 109, 112, 117, 130, 135, 146, 149, 155, 157, 163, 169, 173, 184, 189, 190, 191, 193] 
14 : [40, 78, 92, 97, 102, 114, 123, 128, 129, 165, 166, 174, 187, 196] 
15 : [] 
16 : [94, 100, 107, 139, 159, 164] 
17 : [] 
18 : [] 
19 : [] 
20 : [2, 10, 12, 14, 17, 19, 23, 24, 26, 31, 52, 56, 60, 67, 69, 77, 80, 82, 83, 84, 85, 90, 91, 98, 110, 119, 122, 136, 156, 175, 177] 
21 : [] 
22 : [] 
23 : [105, 137, 170, 198] 
24 : [] 
25 : [] 
26 : [6, 7, 8, 27, 33, 39, 68, 71, 75, 79, 118, 126, 143, 147, 148, 167, 171] 
27 : [] 
28 : [38, 45, 120, 176, 179, 195] 
29 : [9, 15, 22, 28, 35, 37, 50, 54, 62, 76, 81, 86, 87, 93, 101, 125, 127, 141, 142, 151, 168, 178] 
fitness : 31351 
