Instalações : Clientes 
0 : [] 
1 : [] 
2 : [4, 17, 40, 51, 59, 70, 75] 
3 : [] 
4 : [1, 58, 64, 78] 
5 : [] 
6 : [] 
7 : [14, 55, 82] 
8 : [7, 8, 9, 13, 39, 66, 68, 71, 76, 88] 
9 : [32, 42, 63] 
10 : [11, 41, 43, 45, 46, 72, 79] 
11 : [] 
12 : [23, 56, 62, 73, 85] 
13 : [15, 38] 
14 : [] 
15 : [] 
16 : [20, 74] 
17 : [2, 16, 57, 69, 87] 
18 : [] 
19 : [19, 27, 31, 47] 
20 : [] 
21 : [0, 10, 21, 22, 30, 37, 44, 61, 65] 
22 : [] 
23 : [] 
24 : [18, 24, 34, 50, 54, 60, 67, 77] 
25 : [5, 12, 26, 29, 52] 
26 : [3] 
27 : [6, 28, 33, 36, 53, 81, 83, 89] 
28 : [25, 35, 48, 49, 80, 84, 86] 
29 : [] 
fitness : 94861 
