Instalações : Clientes 
0 : [] 
1 : [] 
2 : [] 
3 : [0, 23, 46, 82, 86, 105, 116, 130, 146, 159, 162, 163, 171, 174, 179, 181, 196] 
4 : [] 
5 : [] 
6 : [3, 7, 17, 24, 35, 61, 89, 91, 101, 103, 126, 140, 143, 160, 178, 191] 
7 : [] 
8 : [2, 5, 16, 27, 30, 40, 64, 65, 67, 102, 131, 142, 147, 149, 156, 170, 176, 182, 194, 198] 
9 : [] 
10 : [9, 11, 15, 22, 41, 42, 43, 56, 75, 78, 85, 99, 132, 134, 137, 164, 169, 173, 177, 183, 188, 189] 
11 : [33, 51, 55, 69, 70, 71, 80, 109, 110, 117, 118, 119, 124, 133, 150, 153, 186] 
12 : [] 
13 : [20, 25, 48, 50, 127, 139, 166, 192, 195] 
14 : [45, 81, 111, 115] 
15 : [] 
16 : [] 
17 : [] 
18 : [31, 39, 47, 49, 57, 58, 60, 66, 74, 77, 79, 83, 84, 88, 128, 135, 161, 187, 197, 199] 
19 : [] 
20 : [] 
21 : [13, 19, 21, 26, 29, 44, 53, 62, 72, 95, 104, 107, 120, 152, 158, 172, 175, 193] 
22 : [] 
23 : [] 
24 : [76, 184] 
25 : [8, 28, 34, 52, 68, 87, 92, 100, 106, 113, 114, 121, 138, 141, 154, 157, 165, 185, 190] 
26 : [] 
27 : [14, 54, 96, 97, 108, 123, 148, 180] 
28 : [1, 4, 6, 18, 32, 36, 37, 38, 59, 63, 73, 90, 94, 98, 112, 129, 136, 144, 145, 167, 168] 
29 : [10, 12, 93, 122, 125, 151, 155] 
fitness : 31194 
