Instalações : Clientes 
0 : [] 
1 : [0] 
2 : [] 
3 : [] 
4 : [23, 32, 46, 90, 96, 98, 99, 111, 119, 126, 142, 144, 154, 163, 177, 178, 183, 190, 191, 193, 194] 
5 : [] 
6 : [] 
7 : [] 
8 : [71, 75, 79, 81, 91, 104, 107, 109, 124, 127, 134, 138, 147, 148, 152, 195] 
9 : [5, 14, 15, 42, 56, 66, 80, 95, 110, 123, 155, 162, 169, 170, 181, 189] 
10 : [51] 
11 : [] 
12 : [1, 16, 20, 24, 25, 27, 30, 38, 39, 41, 47, 50, 57, 60, 65, 68, 70, 72, 74, 77, 84, 94, 101, 105, 120, 129, 137, 151, 160, 171, 173, 184, 197] 
13 : [43, 44, 48, 49, 52, 53, 55, 58, 59, 61, 62, 76, 82, 93, 103, 108, 113, 114, 115, 116, 117, 125, 128, 131, 149, 174, 175, 176] 
14 : [] 
15 : [] 
16 : [6, 8, 19, 26, 31, 37, 45, 64, 78, 83, 86, 87, 88, 89, 112, 118, 121, 122, 133, 140, 157, 158, 159, 164, 165, 168, 180] 
17 : [] 
18 : [2, 199] 
19 : [] 
20 : [] 
21 : [3, 10, 11, 12, 13, 17, 18, 21, 22, 28, 29, 33, 34, 35, 36, 40, 54, 63, 67, 69, 73, 85, 97, 132, 143] 
22 : [] 
23 : [] 
24 : [130] 
25 : [] 
26 : [4, 7, 9, 92, 100, 106, 135, 139, 141, 145, 146, 150, 166, 167, 179, 182, 185, 186, 187, 188, 192, 198] 
27 : [] 
28 : [] 
29 : [102, 136, 153, 156, 161, 172, 196] 
fitness : 31321 
