Instalações : Clientes 
0 : [0, 53, 74, 81, 87, 94, 101, 105, 107, 125, 126, 131, 150, 153, 156, 157, 164, 180, 181, 189, 190, 191, 197] 
1 : [] 
2 : [] 
3 : [] 
4 : [] 
5 : [] 
6 : [35, 45, 72, 86, 91, 104, 106, 111, 123, 167, 174, 192, 199] 
7 : [] 
8 : [63, 154, 168, 178] 
9 : [] 
10 : [12, 36, 41, 64, 66, 77, 80, 134, 152, 158, 159, 160, 162, 166, 170, 185, 187, 198] 
11 : [1, 3, 6, 7, 8, 9, 11, 13, 14, 17, 18, 22, 23, 25, 26, 29, 30, 33, 39, 40, 48, 56, 60, 65, 84, 89, 92, 117, 121, 127, 143, 155, 183, 196] 
12 : [4, 5, 10, 16, 24, 28, 31, 32, 42, 43, 55, 68, 71, 97, 113, 114, 119, 140, 142, 184, 193, 195] 
13 : [] 
14 : [46, 54, 57, 67, 73, 85, 115, 120, 124, 128, 133, 135, 139, 171, 173, 177, 179] 
15 : [] 
16 : [] 
17 : [19, 21, 27, 37, 44, 49, 50, 75, 76, 82, 109, 110, 118, 129, 136, 137, 145, 147, 175, 176] 
18 : [] 
19 : [] 
20 : [] 
21 : [] 
22 : [] 
23 : [] 
24 : [] 
25 : [2, 15, 47, 59, 62, 69, 70, 83, 93, 102, 103, 130, 132, 144, 149, 194] 
26 : [] 
27 : [20, 34, 38, 51, 52, 58, 79, 88, 96, 108, 112, 141, 146, 148, 163, 165, 169, 182] 
28 : [61, 78, 90, 95, 98, 99, 100, 116, 122, 138, 151, 161, 172, 186, 188] 
29 : [] 
fitness : 37993 
