Instalações : Clientes 
0 : [] 
1 : [] 
2 : [0, 2, 3, 4, 5, 6, 7, 9, 10, 11, 12, 13, 14, 15, 16, 17, 18, 20, 25, 27] 
3 : [] 
4 : [] 
5 : [] 
6 : [23, 29, 30, 33, 34, 35, 36, 37, 38, 39, 42, 44, 47, 50] 
7 : [] 
8 : [] 
9 : [] 
10 : [43, 45, 52, 53, 54, 55, 56, 57, 58, 59, 60, 63, 65, 68, 71] 
11 : [] 
12 : [19, 21, 22, 24, 26, 28] 
13 : [61, 62, 64, 66, 67, 69, 70, 72, 75, 76, 77, 78, 79, 80] 
14 : [31, 32, 40, 46, 48, 49, 51] 
15 : [8, 41, 73, 81, 82, 83, 84, 85, 86, 87, 88, 89, 90] 
16 : [] 
17 : [] 
18 : [1, 74, 91, 92, 93, 94, 95, 96, 97, 98, 99] 
19 : [] 
fitness : 8885 
