Instalações : Clientes 
0 : [12, 16, 23, 25, 38, 45, 46, 61, 66, 84, 85, 86, 94, 110, 123, 128, 133, 161, 165, 173, 175, 176, 193] 
1 : [] 
2 : [14, 15, 27, 32, 39, 52, 53, 55, 58, 78, 79, 81, 83, 92, 100, 103, 111, 143, 155, 159] 
3 : [0, 4, 11, 24, 26, 34, 47, 48, 63, 64, 65, 69, 76, 95, 104, 105, 108, 112, 113, 114, 120, 122, 130, 135, 153, 179, 199] 
4 : [] 
5 : [] 
6 : [] 
7 : [] 
8 : [] 
9 : [] 
10 : [3, 5, 8, 20, 50, 68, 80, 127, 144, 163, 167, 168, 169, 177, 182, 187, 188] 
11 : [7, 13, 35, 40, 59, 60, 67, 70, 97, 107, 115, 116, 131, 145, 147, 149, 150, 158, 180, 190, 197, 198] 
12 : [36, 72, 88, 98, 101, 119, 125, 132, 136, 139, 154, 196] 
13 : [] 
14 : [9, 18, 28, 33, 74, 93, 109, 134, 181] 
15 : [] 
16 : [] 
17 : [] 
18 : [1, 2, 30, 54, 82, 90, 91, 99, 148, 172, 186, 189] 
19 : [10, 17, 22, 29, 57, 62, 87, 89, 102, 106, 117, 138, 146, 160, 164, 166, 171, 183, 184, 191, 195] 
20 : [] 
21 : [] 
22 : [6, 19, 31, 41, 42, 43, 49, 51, 71, 77, 96, 118, 121, 124, 129, 142, 151, 156, 157, 178, 185] 
23 : [] 
24 : [] 
25 : [] 
26 : [] 
27 : [] 
28 : [21, 37, 44, 56, 73, 75, 126, 137, 140, 141, 152, 162, 170, 174, 192, 194] 
29 : [] 
fitness : 30388 
