Instalações : Clientes 
0 : [] 
1 : [2, 62, 76, 105, 106, 142, 145, 162, 168, 172, 181, 183, 185, 188, 192] 
2 : [] 
3 : [] 
4 : [26, 57, 66, 91, 114, 179] 
5 : [] 
6 : [] 
7 : [] 
8 : [] 
9 : [5, 11, 19, 20, 29, 31, 43, 71, 72, 78, 97, 102, 123, 133, 138, 158, 175, 180, 187] 
10 : [30, 50, 55, 87, 95, 104, 107, 120, 173, 199] 
11 : [] 
12 : [13, 22, 38, 44, 48, 56, 61, 70, 73, 86, 89, 99, 101, 132, 140, 141, 150, 157, 169, 170] 
13 : [3, 4, 28, 33, 37, 42, 53, 103, 108, 109, 112, 130, 131, 135, 139, 149, 152, 155, 160, 176, 184, 195] 
14 : [6, 14, 17, 68, 75, 84, 85, 90, 92, 100, 117, 118, 128, 129, 143, 151, 153, 165, 166, 182, 196] 
15 : [] 
16 : [] 
17 : [] 
18 : [] 
19 : [15, 18, 25, 41, 63, 65, 88, 93, 113, 125, 144, 147, 161, 174, 186] 
20 : [0, 1, 7, 10, 12, 16, 23, 24, 27, 36, 39, 49, 52, 82, 83, 94, 98, 136, 148, 156, 159, 163, 164, 167] 
21 : [] 
22 : [46, 51, 58, 64, 80, 96, 116, 119, 146, 154, 189, 190, 191, 193, 197] 
23 : [] 
24 : [40, 45, 60, 69, 110, 126, 171] 
25 : [] 
26 : [] 
27 : [8, 67, 77, 79, 122] 
28 : [] 
29 : [9, 21, 32, 34, 35, 47, 54, 59, 74, 81, 111, 115, 121, 124, 127, 134, 137, 177, 178, 194, 198] 
fitness : 32564 
