Instalações : Clientes 
0 : [] 
1 : [] 
2 : [] 
3 : [] 
4 : [] 
5 : [0, 10, 16, 17, 36, 37, 41, 43, 44, 71, 87, 92, 106, 132, 165, 195] 
6 : [] 
7 : [] 
8 : [30, 31, 48, 57, 70, 78, 96, 105, 109, 125, 127, 133, 138, 146, 150] 
9 : [] 
10 : [] 
11 : [] 
12 : [] 
13 : [1, 5, 6, 20, 34, 38, 63, 74, 76, 80, 81, 88, 100, 107, 117, 149, 166, 167, 168, 178, 181, 193] 
14 : [] 
15 : [] 
16 : [] 
17 : [] 
18 : [] 
19 : [4, 28, 190] 
20 : [] 
21 : [] 
22 : [] 
23 : [] 
24 : [12, 14, 21, 22, 23, 50, 52, 54, 75, 94, 98, 116, 131, 134, 173, 179, 184, 189] 
25 : [] 
26 : [25, 32, 33, 39, 40, 46, 68, 77, 85, 91, 97, 101, 111, 113, 136, 153, 163, 180, 196, 199] 
27 : [] 
28 : [3, 15, 26, 51, 58, 60, 65, 69, 93, 102, 124, 135, 152, 154, 157, 162, 170, 175, 194] 
29 : [] 
30 : [] 
31 : [] 
32 : [27, 29, 35, 42, 49, 61, 66, 79, 95, 112, 118, 119, 120, 123, 137, 143, 156, 169, 171, 174, 197, 198] 
33 : [] 
34 : [] 
35 : [] 
36 : [] 
37 : [] 
38 : [] 
39 : [] 
40 : [] 
41 : [] 
42 : [] 
43 : [] 
44 : [13, 55, 62, 64, 83, 99, 110, 115, 121, 126, 147, 160, 182, 192] 
45 : [] 
46 : [] 
47 : [] 
48 : [8, 9, 11, 19, 24, 45, 56, 59, 67, 72, 84, 90, 103, 104, 114, 129, 140, 141, 148, 172, 186, 187] 
49 : [] 
50 : [2, 7, 18, 47, 53, 73, 86, 89, 108, 122, 130, 142, 144, 145, 155, 159, 164, 183] 
51 : [] 
52 : [] 
53 : [82, 139, 158, 176] 
54 : [] 
55 : [] 
56 : [] 
57 : [] 
58 : [128, 151, 161, 177, 185, 188, 191] 
59 : [] 
fitness : 32101 
