Instalações : Clientes 
0 : [0, 9, 11, 15, 17, 25, 34, 39, 41, 47, 56, 60, 67, 80, 83, 85, 93, 96, 112, 130, 139, 148] 
1 : [] 
2 : [] 
3 : [2, 4, 6, 43, 51, 100, 121] 
4 : [8, 14, 20, 23, 32, 38, 46, 57, 78, 82, 84, 87, 97, 99, 106, 111, 115, 124, 125, 133, 134, 136] 
5 : [5, 27, 36, 53, 61, 89, 95, 116, 118, 119, 120, 126, 137, 145, 147, 149] 
6 : [] 
7 : [45, 81, 90] 
8 : [] 
9 : [7, 10, 22, 24, 28, 29, 30, 37, 42, 44, 66, 68, 69, 74, 76, 79, 91, 117, 127, 129, 132] 
10 : [] 
11 : [1, 19, 21, 26, 33, 40, 48, 50, 58, 63, 64, 65, 72, 73, 75, 86, 88, 94, 98, 101, 107, 108, 113, 114, 128, 131, 140, 146] 
12 : [] 
13 : [] 
14 : [16, 49, 52, 59, 70, 71, 77, 102, 109, 110, 123, 135, 143] 
15 : [] 
16 : [] 
17 : [] 
18 : [] 
19 : [3, 12, 13, 35, 54, 55, 62, 92, 104, 141] 
20 : [138, 142, 144] 
21 : [] 
22 : [] 
23 : [] 
24 : [] 
25 : [18, 31, 103, 105, 122] 
26 : [] 
27 : [] 
28 : [] 
29 : [] 
fitness : 15976 
