Instalações : Clientes 
0 : [0, 9, 19, 23, 52, 61, 86, 90, 96, 98, 99, 116, 122, 129, 130, 138, 150, 151, 153, 163, 188, 190] 
1 : [] 
2 : [] 
3 : [] 
4 : [5, 10, 28, 32, 35, 43, 60, 84, 104, 106, 111, 167, 178, 193] 
5 : [4, 6, 22, 29, 74, 75, 87, 94, 101, 126, 134, 136, 142, 145, 147, 156, 157, 164, 166, 169, 170, 180, 181, 191] 
6 : [123, 127, 140, 184, 186, 192, 195] 
7 : [] 
8 : [] 
9 : [] 
10 : [1, 14, 17, 24, 49, 64, 82, 115, 124, 128, 133, 139, 158, 160, 162, 171, 177, 179, 187, 198] 
11 : [] 
12 : [] 
13 : [] 
14 : [2, 3, 11, 27, 30, 31, 42, 48, 55, 65, 67, 68, 72, 97, 110, 113, 114, 118, 172, 173, 174, 183] 
15 : [] 
16 : [] 
17 : [] 
18 : [] 
19 : [] 
20 : [36, 37, 41, 44, 45, 54, 57, 63, 73, 76, 78, 85, 95, 109, 119, 120, 135, 137, 159, 185, 199] 
21 : [] 
22 : [] 
23 : [12, 13, 16, 46, 66, 77, 80, 81, 100, 152, 154, 168, 175] 
24 : [38, 39, 47, 50, 51, 53, 70, 79, 105, 107, 125, 131, 176, 182, 189, 197] 
25 : [69, 83, 89, 92, 93, 102, 103, 117, 132, 143, 144, 149, 155, 194] 
26 : [] 
27 : [7, 8, 15, 18, 20, 21, 25, 26, 33, 34, 40, 56, 58, 59, 62, 71, 88, 91, 108, 112, 121, 141, 146, 148, 161, 165, 196] 
28 : [] 
29 : [] 
fitness : 34222 
