Instalações : Clientes 
0 : [0, 88, 95, 140, 170, 176, 191] 
1 : [] 
2 : [] 
3 : [] 
4 : [] 
5 : [22, 24, 34, 47, 52, 71, 89, 118, 143, 160, 166, 185, 189, 196] 
6 : [] 
7 : [18, 38, 72, 80, 85, 87, 91, 120, 133, 142, 153, 155, 197] 
8 : [] 
9 : [] 
10 : [] 
11 : [19, 20, 28, 35, 42, 45, 53, 62, 65, 78, 102, 104, 107, 114, 122, 141, 151, 159, 180, 183, 187, 192, 193, 195] 
12 : [] 
13 : [2, 6, 8, 9, 13, 43, 46, 68, 92, 93, 121, 124, 145, 163, 168, 181] 
14 : [] 
15 : [] 
16 : [5, 25, 27, 67, 94, 100, 103, 108, 110, 139, 165, 172, 188] 
17 : [29, 55, 58, 69, 70, 76, 96, 97, 113, 116, 123, 128, 130, 152, 154, 177] 
18 : [] 
19 : [] 
20 : [] 
21 : [] 
22 : [136, 161, 199] 
23 : [3, 12, 30, 31, 32, 37, 40, 44, 57, 64, 75, 81, 82, 84, 86, 109, 117, 126, 131, 171, 173, 179, 186] 
24 : [4, 14, 23, 63, 73, 90, 134, 175] 
25 : [] 
26 : [7, 16, 21, 36, 48, 50, 61, 77, 79, 99, 101, 106, 111, 112, 115, 129, 132, 137, 138, 146, 150, 169, 184, 190] 
27 : [10, 11, 15, 17, 26, 39, 56, 59, 119, 144, 147, 164, 167, 174, 198] 
28 : [41, 49, 54, 60, 66, 83, 98, 105, 125, 156, 158, 162, 178, 182, 194] 
29 : [1, 33, 51, 74, 127, 135, 148, 149, 157] 
fitness : 34784 
