Instalações : Clientes 
0 : [19, 46, 48, 53, 54, 61, 83, 88, 119, 126, 135, 148, 154, 163, 182, 188, 190, 191, 192] 
1 : [] 
2 : [15, 20, 21, 24, 25, 70, 95, 123, 161, 162, 170, 181, 189, 196] 
3 : [] 
4 : [12, 13, 28, 29, 31, 32, 33, 44, 52, 64, 85, 87, 96, 97, 98, 116, 142, 145, 150, 167, 177, 180, 193] 
5 : [] 
6 : [] 
7 : [] 
8 : [] 
9 : [] 
10 : [] 
11 : [] 
12 : [3, 6, 8, 14, 16, 26, 38, 39, 47, 49, 51, 90, 101, 110, 114, 115, 125, 137, 149, 153, 157, 173, 197] 
13 : [37, 45, 50, 55, 82, 103, 108, 117, 121, 122, 129, 136, 140, 151, 171, 175, 176] 
14 : [0, 42, 62, 66, 79, 80, 124, 134, 138, 144, 147, 155, 160, 169, 195] 
15 : [2, 4, 5, 18, 34, 35, 36, 43, 71, 81, 91, 104, 107, 109, 127, 139, 179, 184] 
16 : [] 
17 : [] 
18 : [] 
19 : [] 
20 : [] 
21 : [] 
22 : [57, 78, 128, 132, 143, 174] 
23 : [] 
24 : [59, 67, 73, 76, 89, 92, 99, 100, 106, 111, 130, 146, 186, 194, 198] 
25 : [1, 7, 178] 
26 : [9, 10, 11, 17, 22, 27, 30, 40, 56, 58, 63, 69, 75, 86, 93, 112, 113, 118, 131, 141, 152, 166, 185, 187] 
27 : [] 
28 : [23, 133, 158, 159, 164, 165, 183, 199] 
29 : [41, 60, 65, 68, 72, 74, 77, 84, 94, 102, 105, 120, 156, 168, 172] 
fitness : 31264 
