Instalações : Clientes 
0 : [29, 192] 
1 : [45, 113, 120, 132, 143, 174, 199] 
2 : [] 
3 : [] 
4 : [] 
5 : [82, 84, 121, 125, 133, 136, 157, 158, 159, 164, 165, 168, 172] 
6 : [] 
7 : [] 
8 : [2, 7, 13, 16, 17, 18, 22, 28, 33, 34, 36, 40, 43, 46, 48, 56, 75, 79, 98, 99, 104, 107, 124, 134, 141, 145, 152, 167, 179, 187, 188] 
9 : [] 
10 : [] 
11 : [] 
12 : [0, 12, 15, 21, 23, 25, 26, 30, 37, 38, 39, 42, 63, 69, 95, 108, 112, 115, 129, 137, 149, 160, 161, 166, 170, 176, 197] 
13 : [53, 55, 57, 77, 90, 93, 94, 101, 103, 114, 116, 131, 140, 151, 171, 173, 175, 180] 
14 : [58, 66, 74, 80, 81, 110, 123, 138, 153, 155, 162, 169, 181, 189, 195] 
15 : [] 
16 : [] 
17 : [5, 6, 14, 20, 24, 27, 41, 49, 50, 60, 65, 68, 70, 72, 102, 105, 156, 196] 
18 : [] 
19 : [] 
20 : [] 
21 : [] 
22 : [19, 122] 
23 : [] 
24 : [183, 198] 
25 : [1, 8, 117, 118, 128] 
26 : [4, 9, 10, 11, 47, 51, 54, 61, 62, 64, 67, 71, 73, 76, 78, 83, 85, 86, 87, 88, 89, 91, 92, 97, 109, 111, 135, 142, 144, 147, 148, 150, 178, 185] 
27 : [3, 31, 32, 35, 44, 52, 59, 96, 100, 106, 119, 126, 127, 130, 139, 146, 154, 163, 177, 182, 184, 186, 190, 191, 193, 194] 
28 : [] 
29 : [] 
fitness : 32266 
