Instalações : Clientes 
0 : [] 
1 : [] 
2 : [] 
3 : [0, 29, 31, 72, 80, 89, 106, 107, 113, 115, 148, 149, 153, 164, 168, 170, 199] 
4 : [] 
5 : [] 
6 : [] 
7 : [] 
8 : [22, 28, 46, 52, 67, 83, 91, 93, 119, 131, 140, 156, 177, 195] 
9 : [] 
10 : [] 
11 : [] 
12 : [] 
13 : [] 
14 : [1, 47, 50, 87, 97, 99, 126, 136, 139, 161, 163, 169] 
15 : [] 
16 : [] 
17 : [] 
18 : [95, 101, 104, 125, 129, 147, 166, 183, 187] 
19 : [] 
20 : [] 
21 : [] 
22 : [] 
23 : [] 
24 : [] 
25 : [] 
26 : [] 
27 : [] 
28 : [] 
29 : [] 
30 : [] 
31 : [] 
32 : [5, 23, 35, 36, 37, 43, 53, 56, 58, 63, 76, 84, 96, 109, 172, 173, 174, 184] 
33 : [] 
34 : [] 
35 : [] 
36 : [] 
37 : [114, 122] 
38 : [24, 34, 100, 117, 120, 181, 186, 191, 192] 
39 : [49, 60, 75, 79, 127, 135, 137, 141, 142, 158, 159, 167, 171, 176, 182, 196] 
40 : [] 
41 : [6, 33, 45, 51, 55, 65, 69, 81, 82, 88, 105, 108, 128, 132, 175, 179] 
42 : [15, 25, 41, 48, 68, 90, 102, 162, 198] 
43 : [85, 103, 133, 157] 
44 : [] 
45 : [] 
46 : [] 
47 : [13, 18, 39, 57, 59, 61, 70, 74, 77, 112, 116, 130, 144, 154, 194, 197] 
48 : [] 
49 : [] 
50 : [3, 4, 8, 10, 21, 30, 32, 73, 138, 180] 
51 : [] 
52 : [] 
53 : [7, 11, 12, 17, 19, 27, 42, 54, 98, 155, 178] 
54 : [] 
55 : [] 
56 : [] 
57 : [2, 9, 16, 40, 71, 78, 92, 94, 110, 123, 124, 134, 146, 152, 160, 165, 188, 190] 
58 : [] 
59 : [14, 20, 26, 38, 44, 62, 64, 66, 86, 111, 118, 121, 143, 145, 150, 151, 185, 189, 193] 
fitness : 33281 
