Instalações : Clientes 
0 : [3, 46, 50, 60, 67, 128, 130] 
1 : [] 
2 : [] 
3 : [] 
4 : [] 
5 : [] 
6 : [] 
7 : [] 
8 : [11, 12, 15, 18, 22, 25, 41, 43, 49, 51, 75, 78, 97, 100, 108, 109, 111, 121, 124, 134, 141, 144] 
9 : [] 
10 : [] 
11 : [1, 19, 21, 29, 38, 48, 53, 57, 58, 64, 65, 72, 93, 94, 98, 103, 106, 107, 113, 114, 120, 122, 131, 145, 147] 
12 : [] 
13 : [] 
14 : [8, 14, 16, 23, 26, 39, 45, 52, 56, 90, 96, 102, 104, 110, 112, 115, 125, 135, 143, 148] 
15 : [] 
16 : [] 
17 : [9, 40, 59, 73, 81, 83, 85, 86, 136, 139, 140] 
18 : [] 
19 : [6, 84, 87, 92, 101] 
20 : [0, 2, 4, 5, 7, 10, 13, 17, 20, 32, 34, 35, 47, 54, 55, 62, 70, 71, 77, 80, 82, 88, 99, 123, 138, 142] 
21 : [] 
22 : [] 
23 : [] 
24 : [27, 28, 30, 36, 37, 42, 44, 61, 66, 68, 69, 74, 76, 79, 89, 91, 95, 116, 117, 118, 119, 126, 127, 132, 137, 149] 
25 : [24, 31, 33, 105, 129, 146] 
26 : [] 
27 : [63] 
28 : [] 
29 : [133] 
fitness : 13634 
