Instalações : Clientes 
0 : [13, 19, 23, 34, 50, 80, 81, 96, 98, 105, 107, 122, 129, 131, 145, 146, 150, 153, 163, 169, 175, 176, 187, 188] 
1 : [] 
2 : [2, 4, 6, 24, 29, 39, 47, 53, 94, 101, 126, 152, 157, 181, 182, 189, 190] 
3 : [] 
4 : [60, 72, 84, 106, 111, 120, 167, 178, 192, 193] 
5 : [16, 22, 46, 66, 74, 75, 77, 85, 87, 109, 133, 134, 137, 147, 156, 159, 160, 164, 166, 168, 170, 179, 180, 191, 197] 
6 : [] 
7 : [] 
8 : [] 
9 : [] 
10 : [] 
11 : [8, 9, 10, 56, 59, 62, 70, 83, 92, 103, 117, 121, 142, 143, 144, 149, 155, 194, 195] 
12 : [3, 5, 55, 65, 68, 69, 71, 89, 91, 93, 97, 102, 113, 123, 127, 132, 140, 184] 
13 : [] 
14 : [36, 49, 73, 76, 95, 110, 118, 135, 136, 139, 151, 162, 172, 173, 177, 198] 
15 : [] 
16 : [] 
17 : [] 
18 : [] 
19 : [] 
20 : [] 
21 : [] 
22 : [] 
23 : [] 
24 : [] 
25 : [] 
26 : [1, 31, 32, 37, 41, 43, 44, 48, 54, 57, 63, 64, 78, 82, 86, 104, 115, 119, 124, 128, 154, 158, 171, 174, 185] 
27 : [0, 7, 15, 17, 18, 20, 21, 25, 26, 33, 38, 40, 51, 52, 58, 61, 79, 88, 108, 112, 125, 130, 141, 148, 161, 165, 196] 
28 : [11, 12, 14, 27, 28, 30, 35, 42, 45, 67, 90, 99, 100, 114, 116, 138, 183, 186, 199] 
29 : [] 
fitness : 36951 
