Instalações : Clientes 
0 : [4, 18, 21, 33, 39, 47, 50, 51, 53, 61, 81, 87, 98, 101, 105, 131, 153, 163, 175, 176, 190, 191] 
1 : [] 
2 : [] 
3 : [] 
4 : [] 
5 : [] 
6 : [5, 35, 42, 55, 91, 97, 121, 142, 184, 186] 
7 : [] 
8 : [16, 17, 36, 37, 41, 44, 46, 54, 63, 64, 73, 78, 95, 109, 115, 119, 134, 135, 136, 137, 154, 158, 162, 166, 168, 185, 187] 
9 : [] 
10 : [] 
11 : [] 
12 : [25, 59, 65, 69, 71, 83, 92, 93, 102, 113, 114, 117, 127, 132, 140, 143, 144, 149, 155, 194, 195] 
13 : [] 
14 : [2, 6, 22, 29, 49, 67, 74, 76, 118, 122, 129, 145, 151, 156, 169, 170, 172, 180, 188, 197] 
15 : [] 
16 : [] 
17 : [] 
18 : [0, 20, 40, 56, 58, 62, 70, 89, 103, 112, 141, 148, 196] 
19 : [1, 11, 14, 27, 30, 45, 68, 72, 86, 100, 104, 108, 116, 123, 126, 183, 192, 193, 199] 
20 : [12, 13, 24, 75, 77, 80, 85, 94, 133, 139, 152, 159, 160, 164, 171, 173, 177, 179, 198] 
21 : [] 
22 : [] 
23 : [] 
24 : [23, 38, 52, 79, 107, 125, 146, 147, 150, 157, 181, 182, 189] 
25 : [] 
26 : [10, 28, 31, 32, 43, 48, 57, 60, 66, 82, 84, 106, 110, 111, 120, 124, 128, 167, 174, 178] 
27 : [] 
28 : [3, 7, 8, 9, 15, 19, 26, 34, 88, 90, 96, 99, 130, 138, 161, 165] 
29 : [] 
fitness : 38400 
