Instalações : Clientes 
0 : [60, 67, 128, 130] 
1 : [] 
2 : [] 
3 : [] 
4 : [] 
5 : [] 
6 : [] 
7 : [14, 46, 58, 73, 81, 84, 87, 94, 101, 112] 
8 : [0, 3, 4, 6, 12, 13, 15, 20, 25, 34, 35, 47, 54, 55, 62, 71, 75, 77, 80, 88, 108, 109, 111, 123, 138, 141, 142, 144] 
9 : [] 
10 : [] 
11 : [1, 5, 7, 19, 21, 23, 27, 36, 38, 48, 53, 57, 61, 64, 65, 72, 106, 107, 113, 114, 115, 116, 119, 120, 129, 136, 147, 149] 
12 : [] 
13 : [82] 
14 : [39, 41, 45, 49, 51, 52, 56, 59, 78, 90, 96, 102, 104, 110, 135, 143, 148] 
15 : [] 
16 : [2, 8, 11, 32, 43, 68, 70, 97, 99, 100, 121, 124, 134] 
17 : [9, 16, 17, 26, 40, 83, 85, 86, 92, 93, 139, 140] 
18 : [] 
19 : [] 
20 : [] 
21 : [] 
22 : [] 
23 : [] 
24 : [] 
25 : [28, 31, 37, 44, 63, 74, 79, 91, 103, 117, 118, 122, 126, 132, 145, 146] 
26 : [] 
27 : [] 
28 : [] 
29 : [10, 18, 22, 24, 29, 30, 33, 42, 50, 66, 69, 76, 89, 95, 98, 105, 125, 127, 131, 133, 137] 
fitness : 18845 
