Instalações : Clientes 
0 : [] 
1 : [0, 81, 113, 132, 151, 171, 177, 188, 196, 198] 
2 : [] 
3 : [] 
4 : [] 
5 : [] 
6 : [6, 17, 22, 59, 92, 93, 104, 105, 130] 
7 : [4, 5, 7, 62, 94, 125, 128, 139, 145, 164, 193] 
8 : [] 
9 : [] 
10 : [] 
11 : [2, 30, 54, 76, 82, 89, 111, 134, 141, 147, 148, 162, 163, 183, 184, 187] 
12 : [] 
13 : [] 
14 : [] 
15 : [33, 45, 77, 78, 90, 107, 129, 137, 144, 146, 152, 155, 186] 
16 : [] 
17 : [] 
18 : [] 
19 : [] 
20 : [10, 29, 34, 56, 65, 68, 83, 85, 91, 106, 109, 120, 142, 154, 165, 185] 
21 : [52, 126, 140, 172] 
22 : [] 
23 : [14, 15, 19, 24, 26, 43, 55, 61, 74, 75, 87, 108, 121, 149, 160, 173, 195] 
24 : [3, 16, 47, 63, 71, 88, 112, 153, 156, 158, 190] 
25 : [25, 49, 51, 72, 80, 84, 96, 97, 98, 99, 123, 131, 179, 199] 
26 : [1, 20, 37, 38, 67, 73, 95, 115, 136, 174, 175, 189] 
27 : [] 
28 : [] 
29 : [] 
30 : [12, 13, 28, 31, 32, 35, 57, 58, 64, 66, 70, 79, 101, 114, 161, 168] 
31 : [] 
32 : [] 
33 : [] 
34 : [] 
35 : [] 
36 : [8, 9, 27, 36, 42, 46, 50, 53, 69, 122, 138, 150, 169, 170, 182, 197] 
37 : [] 
38 : [] 
39 : [] 
40 : [] 
41 : [] 
42 : [11, 23, 39, 40, 103, 116, 117, 124, 157, 178, 191, 194] 
43 : [] 
44 : [41, 44, 60, 110, 119, 133, 135, 143, 159, 166, 176, 180, 181, 192] 
45 : [] 
46 : [] 
47 : [] 
48 : [] 
49 : [] 
50 : [] 
51 : [] 
52 : [] 
53 : [] 
54 : [] 
55 : [] 
56 : [] 
57 : [] 
58 : [18, 21, 48, 86, 100, 102, 118, 127, 167] 
59 : [] 
fitness : 33677 
