Instalações : Clientes 
0 : [6, 80, 82, 87, 88, 99, 105, 114, 115, 128, 136, 139, 163, 164, 175, 199] 
1 : [] 
2 : [] 
3 : [] 
4 : [] 
5 : [] 
6 : [] 
7 : [] 
8 : [8, 22, 23, 52, 60, 63, 76, 83, 91, 93, 95, 103, 119, 141, 177] 
9 : [] 
10 : [] 
11 : [37, 38, 56, 57, 58, 66, 143, 150, 151, 173, 189] 
12 : [] 
13 : [] 
14 : [] 
15 : [] 
16 : [] 
17 : [] 
18 : [43, 102, 109, 147, 166, 172, 184, 187] 
19 : [1, 19, 21, 24, 68, 72, 78, 107, 148, 149, 167, 168, 197] 
20 : [] 
21 : [2, 62, 70, 92, 110, 116, 120, 121, 122, 125, 134, 144, 183, 191, 192] 
22 : [] 
23 : [] 
24 : [] 
25 : [] 
26 : [] 
27 : [10, 36, 39, 67, 79, 84, 89, 97, 112, 130, 153, 159, 174, 179, 188, 195] 
28 : [] 
29 : [] 
30 : [104, 129, 137, 145, 162, 198] 
31 : [] 
32 : [] 
33 : [] 
34 : [] 
35 : [] 
36 : [] 
37 : [] 
38 : [] 
39 : [12, 14, 15, 18, 20, 46, 54, 86, 118, 131, 135, 140, 156, 157, 158, 171, 182] 
40 : [7, 16, 25, 26, 28, 34, 42, 64, 85, 90, 101, 111, 142, 185, 193, 196] 
41 : [] 
42 : [] 
43 : [4, 50, 133] 
44 : [] 
45 : [] 
46 : [3, 5, 17, 33, 49, 69, 75, 98] 
47 : [13, 35, 45, 59, 71, 77, 94, 96, 100, 106, 113, 124, 160] 
48 : [] 
49 : [] 
50 : [29, 30, 31, 44, 65, 73, 108, 126, 161, 169, 180] 
51 : [] 
52 : [] 
53 : [] 
54 : [11, 127, 138, 155, 176] 
55 : [27, 32, 47, 48, 81, 132, 178] 
56 : [] 
57 : [0, 9, 40, 41, 51, 53, 55, 61, 74, 117, 123, 146, 152, 154, 165, 170, 181, 186, 190, 194] 
58 : [] 
59 : [] 
fitness : 34152 
