Instalações : Clientes 
0 : [] 
1 : [] 
2 : [] 
3 : [] 
4 : [0, 1, 2, 3, 4, 5, 6, 7, 8, 9, 10, 11, 12, 13, 14, 15, 16, 17, 19, 20, 21, 22, 23, 26, 27, 28, 29, 30, 32, 33, 34, 35, 36, 37, 38, 39, 48, 49, 51, 52, 56, 60, 61, 66, 67, 68, 69, 76, 77, 78, 79] 
5 : [18] 
6 : [] 
7 : [] 
8 : [] 
9 : [40, 41, 59] 
10 : [] 
11 : [24, 25, 31, 42, 43, 44, 45, 46, 47, 50, 53, 54, 57, 58, 62, 63, 64, 65, 70] 
12 : [] 
13 : [55, 71, 72, 73, 74, 75] 
14 : [] 
15 : [] 
16 : [] 
17 : [] 
18 : [] 
19 : [] 
fitness : 8593 
