Instalações : Clientes 
0 : [] 
1 : [] 
2 : [] 
3 : [] 
4 : [0, 1, 2, 3, 4, 5, 6, 15, 17, 32, 33, 34, 48, 49, 50, 51, 53, 54, 55, 56, 57, 58, 59, 60, 61, 62, 63, 64, 66, 67, 68, 69, 70, 71, 72, 73, 74, 75, 76, 77, 78, 79] 
5 : [7, 8, 9, 12, 13, 14, 16, 18, 19, 20, 21, 22, 23, 35] 
6 : [10, 11, 24, 25, 26, 27, 28, 29, 30, 31, 36, 40, 44, 45, 46] 
7 : [] 
8 : [] 
9 : [37, 38, 39, 41, 42, 43, 47] 
10 : [] 
11 : [] 
12 : [] 
13 : [52] 
14 : [] 
15 : [65] 
16 : [] 
17 : [] 
18 : [] 
19 : [] 
fitness : 7886 
