Instalações : Clientes 
0 : [25, 33, 38, 61, 74, 87, 98, 105, 107, 118, 122, 129, 150, 153, 161, 163, 164, 169, 176, 180, 188, 190, 191] 
1 : [] 
2 : [22, 23, 39, 47, 53, 101, 126, 131, 147, 156, 175, 181, 182, 189, 197] 
3 : [] 
4 : [] 
5 : [] 
6 : [69, 72, 151] 
7 : [] 
8 : [17, 24, 37, 44, 54, 63, 75, 78, 80, 81, 85, 95, 109, 115, 119, 120, 124, 133, 137, 139, 145, 154, 158, 171, 177, 179, 185, 187] 
9 : [7, 28, 32, 36, 41, 49, 57, 60, 67, 73, 76, 77, 82, 84, 104, 106, 128, 135, 162, 173, 174, 178, 193, 198] 
10 : [] 
11 : [4, 6, 8, 40, 56, 59, 62, 65, 68, 70, 83, 89, 90, 93, 99, 103, 116, 121, 127, 130, 132, 143, 155, 194, 196] 
12 : [1, 2, 5, 10, 21, 35, 42, 71, 91, 92, 102, 113, 114, 117, 140, 142, 144, 149, 183, 184, 186, 192, 195] 
13 : [16, 29, 46, 64, 66, 94, 134, 136, 152, 159, 160, 166, 168, 170] 
14 : [] 
15 : [] 
16 : [] 
17 : [] 
18 : [] 
19 : [14, 27, 30, 31, 43, 45, 48, 55, 86, 97, 100, 110, 111, 123, 138, 167, 172, 199] 
20 : [] 
21 : [] 
22 : [] 
23 : [] 
24 : [] 
25 : [] 
26 : [] 
27 : [0, 3, 9, 11, 12, 13, 15, 18, 19, 20, 26, 34, 50, 51, 52, 58, 79, 88, 96, 108, 112, 125, 141, 146, 148, 157, 165] 
28 : [] 
29 : [] 
fitness : 41507 
