Instalações : Clientes 
0 : [] 
1 : [] 
2 : [2, 4, 52, 61, 105, 116, 126, 148, 169, 175, 176, 182, 189, 190, 191, 197] 
3 : [] 
4 : [] 
5 : [6, 9, 16, 22, 29, 66, 74, 77, 81, 87, 94, 118, 129, 130, 136, 145, 152, 153, 156, 164, 166, 168, 170, 180, 188] 
6 : [] 
7 : [] 
8 : [12, 14, 27, 30, 36, 37, 43, 44, 45, 46, 54, 63, 64, 73, 78, 95, 115, 119, 133, 135, 137, 154, 158, 159, 160, 185] 
9 : [10, 28, 31, 32, 35, 41, 57, 60, 72, 82, 84, 86, 91, 104, 106, 111, 120, 123, 124, 128, 167, 172, 174, 178, 183, 192, 193, 199] 
10 : [] 
11 : [42, 56, 65, 68, 69, 71, 83, 92, 93, 97, 102, 113, 114, 117, 121, 127, 132, 140, 142, 143, 144, 149, 184, 195] 
12 : [] 
13 : [] 
14 : [] 
15 : [] 
16 : [8, 21, 33, 39, 47, 51, 53, 79, 101, 107, 108, 125, 141, 147, 150, 157, 181] 
17 : [] 
18 : [0, 5, 15, 20, 40, 58, 59, 62, 70, 89, 103, 112, 194, 196] 
19 : [] 
20 : [1, 11, 17, 48, 49, 55, 67, 76, 85, 90, 99, 100, 109, 110, 138, 139, 171, 173, 177, 179, 186] 
21 : [] 
22 : [] 
23 : [13, 24, 75, 80, 98, 122, 134, 151, 155, 162, 187, 198] 
24 : [3, 7, 18, 19, 23, 25, 26, 34, 38, 50, 88, 96, 131, 146, 161, 163, 165] 
25 : [] 
26 : [] 
27 : [] 
28 : [] 
29 : [] 
fitness : 43674 
