Instalações : Clientes 
0 : [] 
1 : [0, 13, 16, 22, 29, 54, 95, 101, 109, 119, 136, 137, 156, 157, 158, 159, 160, 164, 166, 168, 170, 180, 181, 190, 191, 197] 
2 : [] 
3 : [] 
4 : [] 
5 : [] 
6 : [32, 35, 55, 69, 71, 91, 97, 113, 123, 167, 192, 195] 
7 : [] 
8 : [] 
9 : [28, 31, 36, 37, 41, 43, 44, 45, 48, 49, 57, 60, 63, 73, 82, 84, 86, 104, 106, 115, 120, 124, 135, 172, 174, 178, 185, 193, 199] 
10 : [17, 24, 61, 64, 76, 77, 80, 87, 94, 133, 139, 154, 171, 175, 177, 198] 
11 : [56, 59, 62, 65, 83, 89, 90, 93, 102, 114, 121, 127, 132, 140, 143, 144, 148, 149, 155, 161, 184, 186, 196] 
12 : [] 
13 : [] 
14 : [1, 7, 10, 11, 30, 42, 46, 72, 98, 99, 110, 111, 128, 129, 130, 151, 153, 162, 173, 183] 
15 : [] 
16 : [] 
17 : [2, 5, 27, 47, 81, 118, 122, 189] 
18 : [3, 8, 15, 18, 20, 21, 23, 25, 26, 40, 50, 58, 70, 103, 117, 194] 
19 : [] 
20 : [] 
21 : [] 
22 : [] 
23 : [4, 12, 19, 66, 74, 75, 78, 85, 134, 145, 152, 169, 179, 187, 188] 
24 : [] 
25 : [] 
26 : [] 
27 : [6, 33, 34, 38, 39, 51, 52, 53, 79, 88, 92, 105, 108, 112, 125, 126, 131, 141, 146, 147, 165, 176, 182] 
28 : [9, 14, 67, 68, 96, 100, 107, 116, 138, 142, 150, 163] 
29 : [] 
fitness : 40954 
