Instalações : Clientes 
0 : [] 
1 : [] 
2 : [] 
3 : [] 
4 : [] 
5 : [] 
6 : [] 
7 : [] 
8 : [] 
9 : [] 
10 : [] 
11 : [] 
12 : [] 
13 : [1, 18, 30, 38, 39, 43, 68, 74, 76, 85, 87, 94, 97, 107, 108, 125, 134, 135, 156, 178, 193, 199] 
14 : [] 
15 : [] 
16 : [] 
17 : [] 
18 : [21, 124] 
19 : [] 
20 : [] 
21 : [] 
22 : [] 
23 : [] 
24 : [4, 6, 8, 20, 23, 50, 59, 60, 86, 89, 91, 101, 102, 144, 164, 173, 175, 194] 
25 : [] 
26 : [3, 15, 26, 28, 40, 48, 58, 65, 70, 114, 122, 136, 142, 152, 159, 163, 183, 196] 
27 : [] 
28 : [] 
29 : [] 
30 : [] 
31 : [12, 14, 47, 63, 81, 111, 130, 149, 167, 189] 
32 : [10, 32, 35, 49, 55, 64, 83, 98, 106, 120, 123, 129, 131, 160, 165, 166, 186, 192, 198] 
33 : [] 
34 : [] 
35 : [] 
36 : [] 
37 : [] 
38 : [2, 34, 73, 80, 82, 96, 105, 127, 128, 146, 177, 185, 188] 
39 : [] 
40 : [] 
41 : [] 
42 : [] 
43 : [] 
44 : [] 
45 : [] 
46 : [5, 9, 11, 19, 24, 27, 53, 54, 95, 103, 116, 118, 140, 174, 179, 180] 
47 : [] 
48 : [25, 41, 46, 51, 52, 56, 67, 69, 72, 77, 90, 93, 104, 113, 148, 154, 157, 162, 170, 187, 190] 
49 : [] 
50 : [] 
51 : [] 
52 : [13, 17, 22, 62, 75, 88, 100, 115, 121, 126, 181, 182, 191] 
53 : [] 
54 : [16, 33, 36, 37, 61, 92, 109, 117, 132, 138, 161, 184, 195] 
55 : [29, 42, 44, 45, 66, 71, 79, 84, 110, 112, 119, 141, 169, 171, 172, 197] 
56 : [99, 137, 143, 147, 168] 
57 : [0, 7, 31, 57, 78, 133, 139, 145, 150, 151, 153, 155, 158, 176] 
58 : [] 
59 : [] 
fitness : 34192 
