Instalações : Clientes 
0 : [99, 194] 
1 : [] 
2 : [] 
3 : [] 
4 : [0, 1, 3, 5, 6, 9, 10, 12, 18, 20, 21, 24, 48, 58, 69, 71, 81, 97, 98, 102, 103, 105, 107, 109, 111, 113, 116, 117, 118, 119, 120, 121, 125, 126, 129, 131, 133, 136, 140, 143, 144, 147, 153, 154, 157, 158, 159, 163, 168, 170, 173, 178, 180, 184, 186, 188, 190, 193, 199] 
5 : [37] 
6 : [123] 
7 : [] 
8 : [13, 19, 22, 23, 26, 27, 28, 29, 34, 36, 38, 43, 44, 45, 47, 49, 50, 51, 53, 55, 56, 60, 64, 72, 75, 79, 90, 91, 100, 104, 106, 110, 124, 127, 130, 134, 135, 138, 142, 146, 152, 156, 160, 162, 166, 169, 177, 181, 187, 195] 
9 : [] 
10 : [] 
11 : [] 
12 : [30, 31, 32, 33, 35, 40, 41, 46, 52, 54, 59, 65, 66, 68, 70, 73, 74, 76, 77, 80, 82, 86, 89, 93, 101, 114, 115, 128, 137, 149, 150, 151, 155, 161, 165, 172, 175, 197] 
13 : [] 
14 : [] 
15 : [4, 7, 139, 145, 148, 167, 179, 191] 
16 : [] 
17 : [84, 196] 
18 : [] 
19 : [] 
20 : [132, 198] 
21 : [] 
22 : [] 
23 : [57, 182] 
24 : [] 
25 : [] 
26 : [2, 8, 11, 14, 15, 16, 17, 25, 39, 42, 61, 62, 63, 67, 83, 85, 87, 88, 92, 94, 95, 96, 108, 112, 122, 141, 164, 171, 174, 176, 185, 189] 
27 : [78, 192] 
28 : [183] 
29 : [] 
fitness : 32561 
