Instalações : Clientes 
0 : [] 
1 : [] 
2 : [0, 9, 17, 22, 44, 45, 90, 105, 130, 144, 146, 152, 155, 186] 
3 : [] 
4 : [] 
5 : [] 
6 : [] 
7 : [] 
8 : [4, 6, 12, 15, 24, 35, 67, 84, 96, 98, 114, 133, 136, 175, 180, 199] 
9 : [] 
10 : [3, 38, 40, 48, 91, 116, 140, 156, 174, 184] 
11 : [30, 33, 34, 43, 52, 63, 76, 82, 86, 87, 94, 113, 139, 148, 149, 162, 173, 193] 
12 : [] 
13 : [] 
14 : [] 
15 : [] 
16 : [14, 16, 27, 36, 42, 47, 58, 115, 138, 142, 143, 151, 158, 181, 182, 189, 190, 196] 
17 : [] 
18 : [53, 57, 78, 107, 129, 137, 170] 
19 : [] 
20 : [65, 68, 75, 77, 81, 92, 100, 112, 126, 153, 165, 171, 185, 194] 
21 : [] 
22 : [] 
23 : [19, 89, 95, 102, 111, 118, 121, 134, 160, 164, 167, 172, 188, 195] 
24 : [] 
25 : [2, 25, 46, 49, 60, 73, 99, 110, 125, 131, 135, 145, 147, 183, 187] 
26 : [] 
27 : [] 
28 : [] 
29 : [59, 104, 106, 191] 
30 : [] 
31 : [] 
32 : [] 
33 : [] 
34 : [5, 13, 28, 31, 69, 80, 122, 168] 
35 : [] 
36 : [1, 7, 8, 10, 21, 32, 50, 66, 79, 93, 141, 150, 159, 166, 176, 177, 197, 198] 
37 : [29, 56, 117] 
38 : [] 
39 : [] 
40 : [] 
41 : [] 
42 : [11, 23, 39, 83, 103, 120, 124, 132, 154, 169, 178] 
43 : [] 
44 : [] 
45 : [71, 109, 157] 
46 : [] 
47 : [] 
48 : [] 
49 : [] 
50 : [] 
51 : [18, 26, 37, 54, 55, 61, 74, 85, 88, 108, 127, 163] 
52 : [] 
53 : [20, 41, 51, 62, 64, 70, 72, 97, 101, 119, 123, 128, 161, 179, 192] 
54 : [] 
55 : [] 
56 : [] 
57 : [] 
58 : [] 
59 : [] 
fitness : 33159 
