Instalações : Clientes 
0 : [] 
1 : [] 
2 : [] 
3 : [] 
4 : [] 
5 : [16, 22, 66, 74, 75, 77, 81, 87, 94, 95, 109, 134, 136, 138, 145, 152, 156, 164, 166, 168, 170, 175, 180, 187, 188, 190] 
6 : [] 
7 : [] 
8 : [12, 27, 36, 37, 41, 44, 46, 54, 57, 63, 64, 73, 78, 82, 85, 110, 115, 119, 120, 135, 137, 154, 158, 160, 171, 185] 
9 : [] 
10 : [13, 17, 24, 32, 76, 80, 98, 118, 129, 133, 139, 159, 162, 173, 177, 179, 193, 198, 199] 
11 : [69, 71, 83, 89, 90, 92, 93, 102, 103, 114, 116, 121, 132, 142, 143, 144, 149, 155, 184, 186, 194, 196] 
12 : [] 
13 : [] 
14 : [] 
15 : [] 
16 : [] 
17 : [] 
18 : [] 
19 : [14, 30, 35, 42, 45, 48, 49, 55, 68, 91, 97, 99, 113, 122, 127, 140, 151, 172, 183, 192, 195] 
20 : [] 
21 : [2, 4, 6, 19, 21, 23, 29, 33, 39, 47, 51, 52, 53, 101, 107, 126, 131, 146, 147, 153, 157, 169, 181, 189, 191, 197] 
22 : [0, 1, 3, 5, 7, 8, 9, 11, 15, 18, 20, 25, 50, 58, 59, 62, 70, 79, 96, 108, 117, 125, 130, 141] 
23 : [] 
24 : [] 
25 : [] 
26 : [10, 28, 31, 43, 60, 67, 72, 84, 86, 100, 104, 106, 111, 123, 124, 128, 167, 174, 178] 
27 : [26, 34, 38, 40, 56, 61, 65, 88, 105, 112, 148, 150, 161, 163, 165, 176, 182] 
28 : [] 
29 : [] 
fitness : 37779 
