Instalações : Clientes 
0 : [3, 13, 14, 17, 33, 56, 60, 67, 73, 81, 84, 86, 87, 90, 99, 100, 101, 130, 133, 136, 140] 
1 : [] 
2 : [12, 25, 34, 54, 70, 71, 96, 112, 148] 
3 : [] 
4 : [] 
5 : [5, 7, 10, 27, 28, 36, 48, 50, 53, 57, 61, 72, 89, 93, 95, 116, 118, 119, 120, 147, 149] 
6 : [] 
7 : [] 
8 : [] 
9 : [] 
10 : [] 
11 : [1, 8, 11, 19, 24, 31, 37, 38, 40, 46, 58, 64, 65, 68, 74, 79, 94, 97, 103, 106, 107, 113, 114, 122, 126, 128, 132, 146] 
12 : [] 
13 : [] 
14 : [9, 15, 47, 49, 52, 55, 59, 62, 75, 77, 80, 88, 109, 110, 123, 135, 138, 142, 144] 
15 : [] 
16 : [] 
17 : [16, 35, 39, 82, 83, 85, 102, 124, 139, 143] 
18 : [] 
19 : [0, 2, 4, 6, 20, 23, 26, 32, 41, 45, 51, 78, 92, 104, 108, 121, 134, 141] 
20 : [] 
21 : [] 
22 : [] 
23 : [] 
24 : [] 
25 : [] 
26 : [] 
27 : [] 
28 : [] 
29 : [18, 21, 22, 29, 30, 42, 43, 44, 63, 66, 69, 76, 91, 98, 105, 111, 115, 117, 125, 127, 129, 131, 137, 145] 
fitness : 20009 
