Instalações : Clientes 
0 : [1, 16, 23, 32, 33, 39, 45, 58, 73, 84, 85, 86, 91, 92, 93, 99, 110, 122, 123, 125, 148, 152, 172, 174, 193] 
1 : [] 
2 : [2, 19, 46, 48, 53, 54, 55, 61, 79, 82, 100, 103, 134, 155, 165, 173, 175, 176] 
3 : [0, 3, 4, 5, 6, 11, 13, 18, 29, 31, 34, 47, 63, 75, 80, 90, 101, 102, 104, 105, 112, 135, 147, 153, 162, 192, 195] 
4 : [] 
5 : [] 
6 : [] 
7 : [15, 52, 127, 144, 188, 199] 
8 : [] 
9 : [] 
10 : [17, 36, 50, 60, 65, 69, 81, 87, 95, 107, 113, 114, 120, 146, 163, 166, 168, 169, 179, 180, 190] 
11 : [8, 26, 35, 62, 76, 97, 121, 129, 145, 151, 157, 158, 164, 171, 183, 185, 187, 191, 198] 
12 : [] 
13 : [40, 68, 71, 115, 156] 
14 : [12, 37, 72, 74, 94, 128, 133, 140] 
15 : [10, 14, 22, 42, 43, 49, 51, 59, 83, 96, 116, 124, 142, 149, 150, 177, 178, 182, 184, 197] 
16 : [] 
17 : [9, 57, 89, 106, 117, 118, 160] 
18 : [] 
19 : [] 
20 : [] 
21 : [7, 20, 27, 67, 70, 77, 111, 130, 131, 167, 181] 
22 : [] 
23 : [28, 41, 98, 132, 138, 154, 196] 
24 : [] 
25 : [] 
26 : [] 
27 : [78, 108, 143, 159, 161] 
28 : [21, 24, 25, 30, 38, 44, 56, 64, 66, 88, 109, 119, 126, 136, 137, 139, 141, 170, 186, 189, 194] 
29 : [] 
fitness : 32332 
