Instalações : Clientes 
0 : [1, 2, 25, 28, 50, 61, 66, 92, 98, 105, 112, 141, 148, 150, 153, 163, 165, 176, 188] 
1 : [] 
2 : [3, 4, 23, 34, 38, 52, 83, 87, 89, 94, 107, 131, 145, 170, 175, 180, 182, 197] 
3 : [] 
4 : [] 
5 : [] 
6 : [] 
7 : [] 
8 : [12, 14, 16, 24, 37, 44, 46, 49, 54, 63, 64, 78, 85, 95, 109, 110, 115, 119, 136, 154, 158, 174, 179, 185, 198] 
9 : [0, 5, 31, 41, 43, 45, 48, 57, 60, 73, 82, 84, 86, 104, 106, 111, 120, 123, 128, 135, 167, 172, 178, 193] 
10 : [] 
11 : [20, 184, 194, 196] 
12 : [] 
13 : [] 
14 : [] 
15 : [] 
16 : [] 
17 : [15, 59, 90, 93, 96, 99, 100, 102, 103, 116, 117, 121, 130, 138, 144, 149, 151, 161, 186] 
18 : [] 
19 : [7, 10, 30, 35, 40, 42, 55, 65, 68, 71, 72, 91, 97, 113, 114, 127, 140, 142, 155, 192, 195, 199] 
20 : [17, 27, 32, 36, 58, 62, 67, 76, 81, 118, 122, 124, 129, 133, 137, 139, 159, 162, 171, 173, 177, 183] 
21 : [6, 8, 18, 19, 21, 26, 29, 33, 39, 47, 51, 53, 56, 69, 70, 79, 88, 101, 108, 125, 126, 132, 143, 146, 147, 156, 157, 169, 181, 189, 190, 191] 
22 : [] 
23 : [9, 11, 13, 22, 74, 75, 77, 80, 134, 152, 160, 164, 166, 168, 187] 
24 : [] 
25 : [] 
26 : [] 
27 : [] 
28 : [] 
29 : [] 
fitness : 42526 
