Instalações : Clientes 
0 : [] 
1 : [] 
2 : [] 
3 : [0, 30, 31, 48, 57, 80, 81, 96, 125, 133, 139, 142, 155, 164, 176, 178, 188] 
4 : [] 
5 : [] 
6 : [17, 177, 185, 191, 195] 
7 : [] 
8 : [] 
9 : [] 
10 : [] 
11 : [] 
12 : [] 
13 : [5, 10, 20, 32, 36, 50, 74, 106, 109, 115, 116, 117, 128, 132, 134, 149, 193] 
14 : [] 
15 : [] 
16 : [2, 12, 18, 34] 
17 : [] 
18 : [] 
19 : [] 
20 : [27, 55, 83, 92, 99, 126, 143, 147, 198] 
21 : [] 
22 : [] 
23 : [] 
24 : [21, 33, 59, 61, 67, 71, 76, 94, 98, 120, 129, 131, 156, 161, 166, 173, 184] 
25 : [] 
26 : [23, 25, 39, 40, 52, 54, 68, 69, 77, 78, 91, 93, 101, 152, 163, 183, 190, 199] 
27 : [] 
28 : [3, 4, 15, 28, 46, 47, 51, 56, 58, 60, 65, 102, 124, 130, 154, 157, 162, 170, 175, 194] 
29 : [] 
30 : [] 
31 : [] 
32 : [] 
33 : [] 
34 : [] 
35 : [] 
36 : [] 
37 : [] 
38 : [] 
39 : [] 
40 : [1, 26, 43, 53, 85, 86, 89, 97, 111, 135, 136, 144, 153, 180] 
41 : [73, 88, 107, 181] 
42 : [7, 14, 37, 38, 70, 82, 87, 105, 122, 189] 
43 : [] 
44 : [] 
45 : [16, 22, 35, 49, 62, 63, 64, 75, 79, 84, 95, 100, 110, 121, 123, 137, 138, 165, 168, 182, 192] 
46 : [6, 13, 19, 29, 42, 66, 112, 118, 119, 160, 169, 171, 174, 197] 
47 : [] 
48 : [8, 9, 11, 24, 41, 44, 45, 72, 90, 103, 104, 113, 114, 140, 141, 148, 172, 179, 186, 187, 196] 
49 : [108, 127, 145, 146, 150, 151, 158, 159, 167] 
50 : [] 
51 : [] 
52 : [] 
53 : [] 
54 : [] 
55 : [] 
56 : [] 
57 : [] 
58 : [] 
59 : [] 
fitness : 33479 
