Instalações : Clientes 
0 : [130] 
1 : [] 
2 : [] 
3 : [1, 14, 21, 26, 46, 52, 54, 70, 171, 188, 197] 
4 : [2, 3, 7, 10, 11, 29, 32, 35, 36, 48, 71, 85, 96, 98, 99, 100, 112, 119, 135, 142, 146, 150, 182, 184, 186, 190, 191, 192] 
5 : [24, 27, 28, 38, 41, 47, 55, 57, 72, 77, 82, 113, 120, 121, 125, 133, 157, 158, 168, 175, 199] 
6 : [25, 110, 137, 153, 161, 172, 174, 181, 196] 
7 : [] 
8 : [] 
9 : [] 
10 : [] 
11 : [] 
12 : [] 
13 : [9, 16, 18, 19, 23, 30, 39, 78, 83, 88, 92, 103, 108, 114, 115, 117, 128, 140, 143, 149, 173, 176] 
14 : [15, 17, 42, 62, 66, 79, 95, 123, 124, 155, 160, 162, 166, 169, 189, 195] 
15 : [64, 73, 76, 81, 91, 104, 107, 109, 127, 134, 138, 139, 145, 148, 167, 179, 193] 
16 : [4, 5, 6, 50, 51, 53, 86, 144, 151, 170, 177] 
17 : [] 
18 : [33, 59, 89, 90, 93, 106, 118, 122, 132, 154, 159, 163, 164, 165, 183] 
19 : [] 
20 : [] 
21 : [] 
22 : [8] 
23 : [] 
24 : [] 
25 : [44, 49, 111, 116, 131, 178, 180] 
26 : [13, 20, 22, 31, 34, 37, 40, 43, 56, 58, 61, 63, 67, 69, 75, 80, 87, 97, 126, 141, 147, 152, 185, 187, 194, 198] 
27 : [] 
28 : [] 
29 : [0, 12, 45, 60, 65, 68, 74, 84, 94, 101, 102, 105, 129, 136, 156] 
fitness : 32139 
