Instalações : Clientes 
0 : [] 
1 : [] 
2 : [] 
3 : [] 
4 : [1, 3, 4, 5, 6, 7, 8, 9, 10, 11, 12, 13, 14, 15, 16, 17, 18, 19, 20, 21, 27, 31, 32, 33, 34, 35, 37, 38, 40, 49, 52, 54, 57, 60] 
5 : [22, 23, 24, 25, 26, 28, 29, 30, 39] 
6 : [] 
7 : [] 
8 : [36] 
9 : [41, 42, 45, 46] 
10 : [] 
11 : [] 
12 : [] 
13 : [] 
14 : [] 
15 : [0, 2, 55, 56, 58, 59, 61, 62, 63, 64] 
16 : [43, 44, 47, 48, 50, 51, 53, 65, 66, 67, 68, 69, 70, 71, 72, 73, 74, 75, 76, 77, 78, 79] 
17 : [] 
18 : [] 
19 : [] 
fitness : 7070 
