Instalações : Clientes 
0 : [0, 36, 39, 44, 45, 46, 54, 72, 73, 84, 86, 94, 99, 109, 122, 133, 141, 148, 172, 175, 189, 193] 
1 : [] 
2 : [21, 52, 79, 92, 100, 103, 110, 127, 131, 134, 143, 155, 159, 161, 165, 173, 176] 
3 : [3, 5, 7, 9, 12, 38, 59, 61, 63, 69, 80, 95, 97, 104, 105, 144, 147, 160, 164, 167, 168, 190] 
4 : [] 
5 : [2, 16, 23, 24, 62, 75, 102, 113, 118, 125, 132, 138, 152, 154, 158, 171, 195, 196] 
6 : [98, 106] 
7 : [] 
8 : [] 
9 : [] 
10 : [6, 10, 18, 55, 57, 60, 76, 83, 108, 111, 120, 135, 163, 180, 185, 187, 188, 197] 
11 : [] 
12 : [] 
13 : [] 
14 : [25, 28, 30, 32, 33, 66, 85, 93, 123, 162, 181] 
15 : [11, 14, 40, 42, 49, 50, 51, 68, 70, 81, 96, 116, 130, 142, 149, 150, 156, 177, 179, 182, 198] 
16 : [] 
17 : [] 
18 : [] 
19 : [] 
20 : [4, 8, 13, 26, 31, 87, 89] 
21 : [] 
22 : [15, 17, 19, 22, 35, 41, 43, 71, 77, 115, 121, 124, 129, 145, 146, 151, 153, 157, 166, 178, 183, 184, 191] 
23 : [1, 20, 27, 29, 34, 47, 48, 53, 58, 65, 67, 74, 78, 90, 101, 107, 112, 114, 117, 139, 169, 199] 
24 : [] 
25 : [] 
26 : [] 
27 : [] 
28 : [37, 56, 64, 82, 88, 91, 119, 126, 128, 136, 137, 140, 170, 174, 186, 192, 194] 
29 : [] 
fitness : 30525 
