Instalações : Clientes 
0 : [146] 
1 : [] 
2 : [] 
3 : [39, 82] 
4 : [0, 1, 2, 4, 5, 20, 26, 27, 37, 38, 44, 45, 55, 60, 98, 105, 108, 109, 112, 120, 125, 137, 142, 144, 150, 153, 167, 178, 183, 186, 192] 
5 : [] 
6 : [] 
7 : [] 
8 : [12, 17, 18, 22, 28, 32, 33, 34, 56, 58, 63, 68, 71, 78, 81, 83, 85, 86, 91, 96, 104, 107, 124, 134, 138, 140, 145, 147, 149, 152, 170, 187] 
9 : [42, 54, 59, 61, 62, 64, 66, 67, 70, 76, 79, 80, 95, 123, 155, 162, 181, 196] 
10 : [] 
11 : [] 
12 : [16, 25, 41, 65, 73, 74, 77, 94, 101, 102, 110, 113, 118, 122, 129, 132, 133, 143, 156, 158, 159, 160, 161, 164, 172, 177, 180, 197] 
13 : [84, 103, 114, 115, 117, 119, 121, 128, 130, 131, 157, 163, 171, 175, 176, 182, 188, 190] 
14 : [] 
15 : [6, 14, 15, 31, 35, 36, 43, 46, 75, 88, 89, 92, 99, 100, 106, 111, 126, 127, 135, 139, 148, 154, 179, 193] 
16 : [173, 199] 
17 : [] 
18 : [] 
19 : [] 
20 : [] 
21 : [] 
22 : [] 
23 : [] 
24 : [] 
25 : [] 
26 : [3, 7, 8, 9, 10, 11, 13, 19, 21, 23, 24, 29, 30, 40, 47, 48, 49, 50, 51, 52, 53, 69, 72, 87, 90, 93, 97, 116, 141, 151, 165, 166, 168, 169, 174, 184, 185, 189, 191, 194, 195, 198] 
27 : [] 
28 : [57] 
29 : [136] 
fitness : 32155 
