Instalações : Clientes 
0 : [0, 9, 16, 56, 71, 94, 103, 105, 127, 180] 
1 : [] 
2 : [7, 37, 43, 59, 64, 74, 81, 100, 110, 123, 151] 
3 : [] 
4 : [23, 28, 29, 112, 119, 128, 164, 167, 173] 
5 : [] 
6 : [] 
7 : [8, 10, 11, 17, 72, 83, 120, 133, 156, 163, 168, 194, 197, 198] 
8 : [] 
9 : [1, 33, 44, 46, 51, 62, 79, 95, 102, 104, 118, 149, 157, 170, 183] 
10 : [22, 30, 32, 34, 40, 57, 67, 75, 82, 131, 136, 143, 165, 171, 172, 179, 186, 188, 191] 
11 : [5, 13, 19, 35, 41, 42, 65, 68, 77, 78, 92, 114, 122, 125, 135, 140, 141, 148, 159, 195, 196] 
12 : [3, 12, 108] 
13 : [15, 20, 38, 45, 49, 53, 85, 87, 91, 93, 124, 144, 145, 153, 158, 174, 185, 187, 199] 
14 : [] 
15 : [] 
16 : [] 
17 : [] 
18 : [] 
19 : [] 
20 : [] 
21 : [47, 50, 58, 90, 97, 99, 115, 134, 150, 152, 154, 160, 177, 193] 
22 : [6, 60, 107, 109, 132, 184, 192] 
23 : [24, 25, 27, 31, 36, 48, 86, 88, 89, 98, 111, 117, 126, 137, 139, 147, 166, 176] 
24 : [] 
25 : [] 
26 : [2, 4, 14, 52, 61, 63, 70, 73, 76, 80, 96, 101, 106, 116, 129, 130, 138, 146, 155, 161, 169, 189, 190] 
27 : [18, 21, 26, 39, 54, 55, 66, 69, 84, 113, 121, 142, 162, 175, 178, 181, 182] 
28 : [] 
29 : [] 
fitness : 34560 
