Instalações : Clientes 
0 : [1, 5, 7, 18, 19, 28, 31, 64, 65, 66, 67, 72, 73, 103, 107, 113, 114, 122, 130, 137, 140, 146] 
1 : [] 
2 : [3, 21, 50, 84, 86, 92, 94, 104, 112, 131, 148] 
3 : [10, 14, 22, 24, 38, 46, 133] 
4 : [] 
5 : [27, 36, 37, 44, 53, 61, 74, 91, 95, 116, 117, 118, 119, 120, 126, 132, 147, 149] 
6 : [] 
7 : [29, 30, 33, 42, 48, 58, 63, 69, 79, 93, 98, 105, 128] 
8 : [0, 11, 12, 15, 25, 32, 34, 35, 47, 54, 55, 62, 70, 71, 75, 77, 80, 82, 99, 100, 109, 121, 123, 138, 141, 142, 144] 
9 : [] 
10 : [] 
11 : [] 
12 : [] 
13 : [] 
14 : [2, 4, 8, 13, 16, 39, 41, 45, 49, 52, 56, 59, 88, 96, 102, 108, 110, 111, 115, 124, 134, 135, 143] 
15 : [] 
16 : [] 
17 : [9, 17, 23, 40, 60, 81, 83, 85, 89, 139, 145] 
18 : [] 
19 : [6, 20, 26, 43, 51, 57, 68, 76, 78, 87, 90, 97, 101, 106, 125, 127, 129, 136] 
20 : [] 
21 : [] 
22 : [] 
23 : [] 
24 : [] 
25 : [] 
26 : [] 
27 : [] 
28 : [] 
29 : [] 
fitness : 18272 
