Instalações : Clientes 
0 : [] 
1 : [39, 55, 74, 126, 184] 
2 : [] 
3 : [65, 68, 71, 83, 91, 113, 120, 132, 153, 171, 188] 
4 : [] 
5 : [] 
6 : [] 
7 : [] 
8 : [15, 24, 26, 70, 80, 82, 84, 97, 110, 119, 125, 131, 135, 145, 187, 195, 199] 
9 : [] 
10 : [3, 11, 38, 63, 86, 104, 112, 156, 172, 196] 
11 : [] 
12 : [] 
13 : [7, 44, 53, 114, 129, 130, 137, 150, 152, 155, 166] 
14 : [10, 22, 42, 45, 46, 48, 59, 79, 88, 138, 141, 151, 174, 182] 
15 : [] 
16 : [0, 2, 4, 19, 23, 36, 50, 54, 58, 143, 158, 181, 189, 190, 198] 
17 : [12, 13, 51, 64, 161, 168, 170] 
18 : [] 
19 : [] 
20 : [52, 85, 100, 103, 106, 109, 116, 140, 142, 154, 157, 165, 169, 177, 178, 185, 194] 
21 : [] 
22 : [] 
23 : [] 
24 : [1, 14, 18, 30, 37, 40, 47, 56, 75, 87, 102, 115, 127, 167] 
25 : [] 
26 : [] 
27 : [6, 9, 29, 33, 66, 77, 78, 90, 92, 93, 105, 107, 117, 146, 197] 
28 : [67, 73, 89, 94, 111, 134, 139, 147, 148, 162, 164, 173, 183, 193] 
29 : [] 
30 : [] 
31 : [] 
32 : [] 
33 : [16, 34, 76, 81, 95, 108, 118, 121, 149, 160, 163] 
34 : [] 
35 : [] 
36 : [] 
37 : [] 
38 : [] 
39 : [43, 61, 175, 180] 
40 : [] 
41 : [] 
42 : [] 
43 : [] 
44 : [8, 21, 27, 28, 31, 32, 35, 41, 57, 60, 69, 122, 124, 133, 136, 159, 176, 192] 
45 : [] 
46 : [] 
47 : [] 
48 : [] 
49 : [] 
50 : [] 
51 : [] 
52 : [] 
53 : [5, 20, 25, 49, 62, 72, 96, 98, 99, 101, 123, 128, 179] 
54 : [] 
55 : [] 
56 : [] 
57 : [] 
58 : [] 
59 : [17, 144, 186, 191] 
fitness : 33224 
