Instalações : Clientes 
0 : [] 
1 : [] 
2 : [6, 23, 29, 47, 52, 53, 94, 105, 107, 139, 153, 156, 157, 176, 181, 182, 189, 190] 
3 : [] 
4 : [] 
5 : [4, 22, 39, 61, 66, 77, 81, 87, 98, 101, 126, 134, 138, 145, 146, 147, 158, 164, 166, 168, 175, 197] 
6 : [] 
7 : [] 
8 : [] 
9 : [10, 37, 41, 44, 57, 73, 78, 84, 119, 120, 124, 135, 167, 170, 174, 178, 185] 
10 : [17, 24, 30, 36, 46, 49, 54, 64, 76, 85, 97, 109, 115, 118, 137, 163, 171, 172, 177] 
11 : [] 
12 : [] 
13 : [] 
14 : [1, 35, 48, 60, 67, 68, 82, 90, 100, 111, 127, 128, 129, 133, 140, 184, 198] 
15 : [] 
16 : [] 
17 : [7, 14, 19, 50, 55, 63, 110, 112, 122, 144, 149, 151, 160, 165, 173] 
18 : [3, 9, 15, 25, 33, 40, 58, 70, 89, 92, 93, 103, 117, 130, 132, 143, 155, 194] 
19 : [5, 28, 31, 32, 42, 43, 45, 71, 72, 86, 91, 102, 104, 106, 113, 142, 192, 193, 195, 199] 
20 : [] 
21 : [] 
22 : [0, 2, 8, 18, 20, 21, 26, 34, 38, 51, 56, 59, 62, 79, 88, 108, 125, 131, 141, 148, 150, 161, 169, 191, 196] 
23 : [12, 13, 16, 74, 75, 80, 95, 136, 152, 154, 159, 162, 179, 180, 187] 
24 : [] 
25 : [] 
26 : [] 
27 : [] 
28 : [11, 27, 65, 69, 83, 96, 99, 114, 116, 121, 123, 183, 186, 188] 
29 : [] 
fitness : 47487 
