Instalações : Clientes 
0 : [] 
1 : [] 
2 : [] 
3 : [] 
4 : [] 
5 : [] 
6 : [] 
7 : [] 
8 : [] 
9 : [] 
10 : [] 
11 : [0, 5, 48, 70, 86, 89, 125, 130, 133, 139, 144, 176] 
12 : [] 
13 : [1, 4, 6, 12, 21, 25, 34, 49, 50, 52, 54, 63, 73, 74, 85, 107, 116, 122, 150, 155, 166, 178, 184, 193] 
14 : [] 
15 : [] 
16 : [] 
17 : [] 
18 : [] 
19 : [] 
20 : [] 
21 : [] 
22 : [61, 62, 64, 92, 100, 115, 117, 121, 147, 149, 168, 195] 
23 : [] 
24 : [] 
25 : [] 
26 : [3, 9, 15, 18, 23, 39, 40, 67, 68, 76, 77, 91, 97, 101, 111, 124, 135, 162, 199] 
27 : [] 
28 : [28, 46, 47, 51, 57, 58, 60, 65, 69, 78, 93, 102, 152, 154, 157, 164, 170, 175, 183, 190, 194] 
29 : [] 
30 : [20, 24, 29, 41, 42, 59, 84, 103, 104, 118, 120, 140, 172, 173, 186, 187] 
31 : [] 
32 : [10, 11, 35, 45, 55, 66, 71, 79, 81, 83, 90, 94, 95, 98, 106, 113, 114, 131, 134, 160, 171, 174] 
33 : [2, 37, 80, 82, 87, 88, 132, 138, 146, 156, 161, 177, 181, 189] 
34 : [] 
35 : [] 
36 : [] 
37 : [] 
38 : [] 
39 : [] 
40 : [7, 8, 14, 26, 30, 31, 36, 38, 43, 53, 96, 136, 142, 153, 163, 167, 180] 
41 : [] 
42 : [] 
43 : [] 
44 : [] 
45 : [13, 16, 17, 22, 27, 32, 33, 75, 99, 110, 112, 123, 126, 128, 137, 143, 165, 192, 197, 198] 
46 : [19, 44, 56, 72, 119, 129, 141, 148, 169, 179, 196] 
47 : [] 
48 : [] 
49 : [] 
50 : [] 
51 : [] 
52 : [] 
53 : [] 
54 : [] 
55 : [] 
56 : [] 
57 : [] 
58 : [105, 108, 109, 127, 145, 151, 158, 159, 182, 185, 188, 191] 
59 : [] 
fitness : 32438 
