Instalações : Clientes 
0 : [] 
1 : [174] 
2 : [4, 5, 9, 19, 25, 102, 110, 129, 151, 156, 170, 196] 
3 : [] 
4 : [7, 27, 31, 47, 48, 49, 51, 52, 54, 58, 59, 64, 67, 71, 72, 73, 76, 77, 78, 82, 85, 89, 90, 93, 95, 96, 99, 111, 118, 142, 158, 164, 177, 178, 180, 182, 183, 188, 190] 
5 : [] 
6 : [] 
7 : [] 
8 : [28, 29, 32, 34, 35, 36, 43, 56, 75, 79, 81, 88, 91, 109, 124, 134, 138, 145, 152, 167, 187, 195] 
9 : [16, 21, 24, 30, 38, 39, 53, 61, 66, 74, 86, 101, 106, 113, 146, 149, 162, 172, 189] 
10 : [] 
11 : [] 
12 : [20, 26, 41, 45, 50, 55, 60, 65, 68, 84, 94, 105, 108, 114, 117, 121, 133, 136, 137, 153, 159, 165, 171, 176, 186, 197] 
13 : [37, 103, 115, 116, 120, 125, 131, 140, 157, 168, 173, 175] 
14 : [0, 1, 2, 3, 6, 8, 12, 13, 18, 23, 42, 62, 70, 80, 123, 155, 160, 161, 166, 169, 181, 184] 
15 : [83, 92, 98, 100, 107, 119, 122, 126, 127, 128, 135, 139, 147, 148, 154, 179, 191] 
16 : [] 
17 : [] 
18 : [57, 199] 
19 : [] 
20 : [] 
21 : [] 
22 : [] 
23 : [] 
24 : [] 
25 : [] 
26 : [10, 11, 14, 15, 17, 22, 33, 40, 44, 46, 63, 69, 87, 97, 104, 112, 132, 141, 143, 144, 150, 163, 185, 192, 193, 194, 198] 
27 : [130] 
28 : [] 
29 : [] 
fitness : 32749 
