Instalações : Clientes 
0 : [1, 17, 28, 35, 52, 61, 68, 83, 90, 99, 122, 126, 144, 149, 153, 163, 169, 175, 183, 186, 188, 194] 
1 : [] 
2 : [] 
3 : [] 
4 : [] 
5 : [4, 5, 6, 10, 13, 16, 22, 29, 47, 66, 74, 77, 81, 87, 98, 105, 129, 136, 145, 156, 164, 166, 168, 180, 190, 197] 
6 : [] 
7 : [] 
8 : [] 
9 : [32, 41, 43, 45, 57, 73, 82, 84, 104, 106, 111, 114, 120, 123, 128, 135, 143, 167, 173, 174, 178, 193] 
10 : [0, 18, 30, 31, 33, 36, 37, 48, 49, 64, 109, 110, 118, 124, 133, 137, 139, 162, 177, 179, 199] 
11 : [196] 
12 : [] 
13 : [] 
14 : [] 
15 : [] 
16 : [2, 21, 53, 69, 101, 108, 125, 141, 147, 157, 176, 181, 182, 189, 191] 
17 : [] 
18 : [] 
19 : [] 
20 : [12, 27, 44, 54, 55, 60, 63, 67, 76, 78, 85, 86, 100, 115, 119, 154, 158, 171, 185, 198] 
21 : [] 
22 : [] 
23 : [24, 46, 71, 75, 80, 94, 95, 134, 151, 152, 159, 160, 170, 172, 187] 
24 : [23, 26, 38, 42, 50, 51, 62, 65, 91, 92, 96, 107, 131, 146, 150, 165, 195] 
25 : [] 
26 : [] 
27 : [9, 11, 14, 15, 19, 20, 25, 34, 39, 40, 56, 58, 59, 70, 72, 79, 88, 89, 93, 97, 102, 103, 112, 117, 121, 127, 132, 148, 155, 161] 
28 : [3, 7, 8, 113, 116, 130, 138, 140, 142, 184, 192] 
29 : [] 
fitness : 44460 
