Instalações : Clientes 
0 : [0, 81, 106, 114, 138, 160, 165, 166, 181, 185] 
1 : [1, 3, 12, 16, 26, 32, 34, 40, 53, 65, 104, 108, 113, 135, 136, 142, 149, 197] 
2 : [] 
3 : [] 
4 : [] 
5 : [] 
6 : [23, 25, 28, 35, 45, 54, 61, 68, 73, 89, 101, 103, 115, 129, 140, 143] 
7 : [] 
8 : [7, 14, 18, 36, 46, 48, 59, 63, 64, 80, 90, 98, 102, 107, 131, 144, 167, 170, 176, 182] 
9 : [20, 27, 42, 43, 52, 78, 84, 85, 87, 116, 121, 132, 134, 137, 139, 157, 162, 169, 173, 174, 177, 183, 189] 
10 : [15, 17, 22, 39, 41, 66, 74, 75, 83, 99, 130, 146, 154, 156, 159, 179, 187] 
11 : [2, 6, 30, 51, 67, 69, 70, 71, 94, 109, 112, 117, 119, 124, 133, 184, 186, 198] 
12 : [] 
13 : [50, 96, 97, 100, 111, 126, 127, 141, 192, 195] 
14 : [] 
15 : [] 
16 : [60, 77, 79, 93, 110, 125, 152, 188, 193] 
17 : [11, 56, 82, 163, 164] 
18 : [5, 9, 10, 31, 37, 44, 47, 49, 72, 76, 86, 88, 120, 122, 128, 151, 161, 168, 172, 175] 
19 : [] 
20 : [] 
21 : [4, 13, 19, 21, 29, 33, 55, 57, 58, 62, 95, 118, 147, 150, 153, 155, 158, 178, 194, 199] 
22 : [] 
23 : [8, 24, 91, 92, 105, 171, 190, 196] 
24 : [] 
25 : [] 
26 : [] 
27 : [38, 123, 145, 148, 180, 191] 
28 : [] 
29 : [] 
fitness : 32134 
