Instalações : Clientes 
0 : [] 
1 : [0] 
2 : [4, 15, 24, 26, 27, 32, 33, 38, 50, 85, 99, 104, 108, 111, 115, 133, 135, 136, 158, 166, 187] 
3 : [45, 51, 59, 65, 74, 77, 78, 82, 88, 97, 106, 113, 114, 149, 160, 199] 
4 : [] 
5 : [] 
6 : [] 
7 : [] 
8 : [] 
9 : [68, 186, 192, 197] 
10 : [] 
11 : [19, 28, 52, 58, 66, 90, 101, 112, 143, 171] 
12 : [] 
13 : [1, 3, 6, 10, 11, 12, 14, 17, 20, 21, 47, 49, 75, 81, 98, 105, 155, 178] 
14 : [132, 161, 163, 164, 169, 170, 180] 
15 : [] 
16 : [] 
17 : [] 
18 : [] 
19 : [] 
20 : [] 
21 : [] 
22 : [] 
23 : [] 
24 : [] 
25 : [34, 43, 48, 57, 71, 76, 109, 117, 120, 129, 130, 144, 147, 162, 181, 183, 198] 
26 : [] 
27 : [22, 29, 30, 39, 69, 70, 73, 93, 94, 126, 140, 148, 175, 179, 188, 195] 
28 : [] 
29 : [] 
30 : [] 
31 : [] 
32 : [5, 7, 16, 23, 35, 36, 37, 41, 53, 61, 72, 83, 84, 96, 102, 110, 116, 122, 165, 172, 173, 174, 184] 
33 : [] 
34 : [31, 67, 79, 89, 95, 100, 121, 123, 124, 141, 159, 177] 
35 : [] 
36 : [] 
37 : [] 
38 : [] 
39 : [] 
40 : [13, 18, 25, 56, 86, 127, 137, 150, 151, 176, 185, 196] 
41 : [] 
42 : [2, 40, 44, 62, 80, 125, 191] 
43 : [87, 138, 157] 
44 : [] 
45 : [] 
46 : [] 
47 : [92, 107, 134, 139, 146, 152, 153, 154, 190, 194] 
48 : [] 
49 : [] 
50 : [] 
51 : [] 
52 : [] 
53 : [] 
54 : [] 
55 : [] 
56 : [] 
57 : [] 
58 : [] 
59 : [8, 9, 42, 46, 54, 55, 60, 63, 64, 91, 103, 118, 119, 128, 131, 142, 145, 156, 167, 168, 182, 189, 193] 
fitness : 34102 
