Instalações : Clientes 
0 : [] 
1 : [14, 73, 80, 82, 105, 107, 127, 145, 146, 150, 151, 153, 158, 165, 167] 
2 : [] 
3 : [28, 30, 37, 38, 39, 60, 63, 70, 87, 96, 108, 111, 133, 136, 139, 142, 155, 176, 180, 183, 189] 
4 : [] 
5 : [] 
6 : [5, 132, 149, 161, 166, 168, 184, 188, 191] 
7 : [] 
8 : [18, 51, 53, 65, 77, 89, 102, 130, 144, 162, 163, 194] 
9 : [] 
10 : [32, 55, 61, 62, 88, 92, 98, 100, 109, 122, 128, 138, 147, 177, 182, 185, 195] 
11 : [] 
12 : [] 
13 : [12, 16, 22, 43, 49, 52, 72, 76, 81, 91, 93, 94, 101, 106, 113, 134, 172, 179, 186, 193, 199] 
14 : [] 
15 : [] 
16 : [] 
17 : [104] 
18 : [] 
19 : [] 
20 : [] 
21 : [] 
22 : [17, 64, 75, 103, 115, 117, 121, 137, 143, 181] 
23 : [] 
24 : [8, 9, 13, 20, 21, 41, 46, 50, 54, 67, 71, 173, 187, 190, 196] 
25 : [] 
26 : [] 
27 : [] 
28 : [] 
29 : [] 
30 : [] 
31 : [] 
32 : [24, 35, 45, 79, 84, 99, 112, 119, 120, 123, 124, 126, 129, 131, 156, 160, 192, 197, 198] 
33 : [] 
34 : [0, 1, 2, 4, 6, 7, 10, 15, 23, 33, 36, 58, 74, 78, 85, 86, 97, 135, 152, 157, 159, 164, 170, 175, 178] 
35 : [] 
36 : [] 
37 : [] 
38 : [] 
39 : [] 
40 : [] 
41 : [] 
42 : [] 
43 : [] 
44 : [] 
45 : [] 
46 : [] 
47 : [] 
48 : [] 
49 : [] 
50 : [] 
51 : [] 
52 : [] 
53 : [] 
54 : [] 
55 : [19, 29, 42, 44, 56, 59, 66, 83, 95, 110, 114, 118, 140, 141, 148, 169, 171, 174] 
56 : [] 
57 : [] 
58 : [] 
59 : [3, 11, 25, 26, 27, 31, 34, 40, 47, 48, 57, 68, 69, 90, 116, 125, 154] 
fitness : 31386 
