Instalações : Clientes 
0 : [9, 15, 21, 23, 29, 40, 50, 52, 61, 83, 98, 105, 107, 150, 153, 163, 165, 176, 188, 194] 
1 : [] 
2 : [33, 38, 39, 47, 53, 94, 101, 126, 131, 147, 157, 169, 180, 181, 182, 189, 190, 191, 197] 
3 : [] 
4 : [] 
5 : [] 
6 : [] 
7 : [] 
8 : [16, 27, 37, 44, 46, 49, 54, 63, 64, 78, 85, 95, 109, 115, 116, 119, 133, 136, 137, 151, 154, 158, 168, 171] 
9 : [10, 28, 31, 36, 41, 43, 57, 60, 72, 73, 80, 82, 84, 86, 104, 106, 111, 123, 124, 128, 129, 135, 167, 174, 178, 185] 
10 : [17, 24, 74, 76, 87, 139, 145, 146, 156, 160, 162, 164, 170, 175, 177, 179, 187, 198] 
11 : [] 
12 : [] 
13 : [] 
14 : [5, 7, 35, 48, 67, 68, 90, 118, 120, 122, 142, 144, 159, 172, 173, 184, 192, 193] 
15 : [] 
16 : [] 
17 : [2, 3, 11, 14, 19, 58, 79, 81, 89, 92, 96, 99, 100, 121, 127, 130, 138, 155, 186] 
18 : [0] 
19 : [1, 30, 32, 42, 45, 55, 65, 69, 71, 91, 97, 102, 110, 113, 114, 140, 143, 183, 195, 199] 
20 : [] 
21 : [] 
22 : [] 
23 : [4, 6, 12, 13, 22, 66, 75, 77, 134, 152, 166] 
24 : [] 
25 : [] 
26 : [] 
27 : [8, 18, 20, 25, 26, 34, 51, 56, 59, 62, 70, 88, 93, 103, 108, 112, 117, 125, 132, 141, 148, 149, 161, 196] 
28 : [] 
29 : [] 
fitness : 49216 
