0 : [1, 2, 5, 7, 13, 15, 18, 19, 29, 31, 33, 35, 38, 68] 
1 : [10, 14, 21, 23, 26, 40, 63, 65, 72, 74, 79] 
2 : [53, 67, 85] 
3 : [4, 8, 12, 17, 22, 25, 27, 28, 32, 41, 46, 66, 69, 75, 77, 78, 87] 
4 : [0, 9, 36, 43, 45, 50, 56, 57, 59, 60, 62, 71, 80, 81, 84, 89] 
5 : [] 
6 : [] 
7 : [] 
8 : [] 
9 : [6, 16, 20, 24, 30, 34, 51, 55, 58, 70, 73, 82, 83, 88] 
10 : [] 
11 : [] 
12 : [] 
13 : [] 
14 : [] 
15 : [] 
16 : [] 
17 : [] 
18 : [] 
19 : [] 
20 : [3, 11, 37, 39, 42, 48, 52, 54, 64] 
21 : [] 
22 : [] 
23 : [] 
24 : [44, 47, 49, 61, 76, 86] 
25 : [] 
26 : [] 
27 : [] 
28 : [] 
29 : [] 
