Instalações : Clientes 
0 : [0, 25, 30, 32, 37, 40, 43, 45, 46, 49, 58, 64, 84, 85, 86, 100, 123, 128, 137, 148, 155, 159, 170, 189, 193] 
1 : [] 
2 : [] 
3 : [2, 11, 12, 13, 16, 19, 21, 26, 47, 55, 63, 77, 80, 87, 90, 105, 107, 114, 120, 144, 145, 158, 168] 
4 : [] 
5 : [75, 98, 101, 102, 113, 132, 136, 138, 139, 154, 171, 194, 195, 196] 
6 : [24, 112, 125, 162] 
7 : [] 
8 : [] 
9 : [] 
10 : [4, 5, 15, 42, 52, 69, 78, 83, 97, 116, 124, 131, 163, 178, 180, 185, 187, 190] 
11 : [8, 10, 17, 22, 29, 35, 41, 51, 57, 60, 62, 65, 76, 104, 121, 129, 135, 146, 147, 149, 157, 166] 
12 : [] 
13 : [] 
14 : [] 
15 : [] 
16 : [] 
17 : [] 
18 : [] 
19 : [] 
20 : [] 
21 : [7, 20, 53, 67, 99, 103, 111, 122, 127, 142, 165, 167, 182, 188] 
22 : [] 
23 : [3, 9, 18, 28, 31, 34, 36, 38, 66, 72, 74, 89, 93, 95, 126, 181, 191, 192, 199] 
24 : [1, 59, 68, 71, 96, 115, 184, 197] 
25 : [6, 106, 117, 118, 151, 160, 164, 183] 
26 : [61, 79, 81, 92, 94, 108, 133, 161, 176] 
27 : [27, 33, 39, 143, 172, 173] 
28 : [23, 44, 54, 56, 73, 82, 88, 91, 109, 110, 119, 134, 140, 141, 152, 153, 174, 175, 186] 
29 : [14, 48, 50, 70, 130, 150, 156, 169, 177, 179, 198] 
fitness : 31313 
