Instalações : Clientes 
0 : [] 
1 : [] 
2 : [3, 4, 5, 6, 7, 8, 9, 10, 11, 12, 13, 14, 15, 16, 17, 18, 22, 24, 25, 26, 27, 28, 29, 33, 35, 36, 69, 70, 74, 76, 82, 84, 87, 88, 89, 90, 91, 92, 93, 94, 95, 96, 97] 
3 : [] 
4 : [] 
5 : [] 
6 : [] 
7 : [19, 23, 30, 37, 38, 43, 44, 46, 49, 50, 52, 53, 55, 56, 57, 59, 60, 63, 65, 66, 68, 71, 73] 
8 : [] 
9 : [80, 81, 83, 85, 86] 
10 : [31, 32, 34, 39, 40, 41, 42, 45, 47, 48, 51, 54, 58, 61, 62, 64, 67] 
11 : [] 
12 : [] 
13 : [] 
14 : [] 
15 : [] 
16 : [] 
17 : [1, 20, 21, 72, 75, 77, 78, 79, 98] 
18 : [0, 2, 99] 
19 : [] 
fitness : 9489 
