Instalações : Clientes 
0 : [0, 14, 20, 27, 61, 74, 79, 81, 96, 98, 105, 112, 116, 122, 126, 129, 131, 146, 153, 161, 163, 164, 172, 176, 183, 197] 
1 : [] 
2 : [6, 23, 29, 39, 47, 50, 53, 94, 101, 125, 145, 147, 156, 157, 169, 181, 182, 187, 189, 190, 191] 
3 : [] 
4 : [] 
5 : [] 
6 : [42, 55, 65, 68, 69, 71, 83, 93, 102, 104, 113, 132, 140, 186] 
7 : [] 
8 : [] 
9 : [] 
10 : [3, 11, 12, 17, 19, 24, 64, 75, 77, 80, 85, 109, 128, 139, 152, 168, 175, 198, 199] 
11 : [] 
12 : [] 
13 : [52] 
14 : [1, 31, 36, 43, 48, 49, 66, 67, 82, 97, 100, 115, 118, 133, 151, 177, 179] 
15 : [] 
16 : [] 
17 : [] 
18 : [25, 35, 40, 56, 59, 62, 70, 89, 92, 103, 114, 117, 143, 144, 149, 194, 196] 
19 : [5, 10, 28, 30, 32, 45, 60, 84, 106, 111, 123, 167, 178, 184, 192, 193, 195] 
20 : [15, 16, 37, 41, 44, 46, 54, 57, 63, 73, 76, 78, 119, 120, 124, 137, 154, 158, 159, 171, 174, 185] 
21 : [] 
22 : [2, 4, 7, 8, 9, 18, 21, 26, 33, 34, 38, 51, 58, 88, 107, 108, 134, 141, 148, 150, 165] 
23 : [13, 22, 87, 95, 135, 136, 160, 162, 166, 170, 173, 180, 188] 
24 : [] 
25 : [] 
26 : [] 
27 : [] 
28 : [72, 86, 90, 91, 99, 110, 121, 127, 130, 138, 142, 155] 
29 : [] 
fitness : 37652 
