Instalações : Clientes 
0 : [] 
1 : [37, 171] 
2 : [4, 7, 12, 21, 31, 59, 61, 99, 100, 147, 179, 184, 186] 
3 : [1, 9, 16, 33, 34, 44, 77, 79, 88, 94, 95, 122, 127, 148, 151, 157] 
4 : [11, 72, 85, 142, 145, 164, 199] 
5 : [] 
6 : [] 
7 : [] 
8 : [] 
9 : [42, 62, 98, 102, 104, 105, 135, 149, 159, 170, 195] 
10 : [3, 5, 30, 40, 51, 52, 71, 74, 81, 82, 108, 117, 126, 131, 166, 172, 173, 176, 188, 191] 
11 : [6, 19, 20, 28, 35, 45, 46, 60, 65, 86, 103, 109, 121, 125, 136, 140, 180, 183, 187, 192, 196] 
12 : [] 
13 : [0, 15, 17, 41, 43, 76, 91, 92, 124, 153, 162, 168, 178, 181, 194] 
14 : [] 
15 : [8, 14, 18, 29, 36, 54, 55, 69, 80, 119, 120, 128, 133, 144, 155, 175, 182, 197, 198] 
16 : [] 
17 : [] 
18 : [87, 174] 
19 : [] 
20 : [] 
21 : [63, 70, 90, 97, 111, 113, 115, 116, 130, 134, 154, 177, 193] 
22 : [] 
23 : [22, 24, 25, 27, 39, 47, 50, 64, 67, 75, 89, 101, 107, 110, 118, 132, 139, 141, 143, 165] 
24 : [] 
25 : [] 
26 : [2, 23, 26, 32, 48, 57, 58, 73, 84, 96, 106, 112, 123, 129, 137, 138, 146, 150, 152, 160, 161, 169, 189, 190] 
27 : [] 
28 : [10, 13, 38, 49, 53, 56, 66, 68, 78, 83, 93, 114, 156, 158, 163, 167, 185] 
29 : [] 
fitness : 33819 
