Instalações : Clientes 
0 : [9, 17, 20, 33, 40, 60, 63, 64, 67, 73, 83, 85, 94, 112, 114, 119, 122, 130, 131, 133, 139, 140] 
1 : [] 
2 : [46, 51, 56, 86, 90, 96, 101, 104, 148] 
3 : [] 
4 : [] 
5 : [] 
6 : [] 
7 : [14, 58, 81, 87, 92, 97, 106, 115, 128, 129, 136] 
8 : [0, 2, 3, 4, 6, 8, 11, 12, 13, 25, 32, 34, 35, 43, 47, 49, 54, 55, 62, 77, 80, 82, 88, 109, 121, 123, 134, 138, 141, 142, 144] 
9 : [] 
10 : [] 
11 : [1, 5, 10, 19, 22, 27, 31, 36, 42, 44, 48, 53, 61, 65, 72, 74, 91, 93, 103, 107, 113, 116, 118, 120, 132, 146, 147, 149] 
12 : [] 
13 : [] 
14 : [15, 16, 21, 23, 26, 39, 41, 45, 52, 59, 68, 71, 75, 78, 84, 100, 102, 108, 110, 111, 125, 135, 143] 
15 : [] 
16 : [70, 99, 124] 
17 : [] 
18 : [] 
19 : [] 
20 : [] 
21 : [] 
22 : [] 
23 : [] 
24 : [] 
25 : [] 
26 : [] 
27 : [] 
28 : [] 
29 : [7, 18, 24, 28, 29, 30, 37, 38, 50, 57, 66, 69, 76, 79, 89, 95, 98, 105, 117, 126, 127, 137, 145] 
fitness : 18800 
