Instalações : Clientes 
0 : [13, 17, 25, 34, 39, 41, 45, 47, 49, 52, 54, 59, 60, 62, 64, 67, 73, 75, 77, 80, 83, 85, 88, 102, 109, 110, 112, 130, 135, 138, 139, 140, 142] 
1 : [] 
2 : [0, 148] 
3 : [] 
4 : [] 
5 : [] 
6 : [] 
7 : [6, 8, 14, 20, 55, 56, 81, 94, 96, 106, 128, 136] 
8 : [] 
9 : [] 
10 : [] 
11 : [3, 5, 18, 19, 32, 40, 51, 53, 58, 65, 72, 78, 84, 86, 87, 101, 103, 107, 111, 113, 114, 115, 120, 121, 122, 124, 131, 146, 147] 
12 : [] 
13 : [] 
14 : [] 
15 : [] 
16 : [] 
17 : [16, 123, 143, 144] 
18 : [] 
19 : [2, 4, 9, 11, 12, 15, 23, 26, 35, 70, 71, 82, 90, 92, 100, 104, 108, 134, 141] 
20 : [] 
21 : [] 
22 : [] 
23 : [] 
24 : [7, 10, 22, 27, 28, 29, 36, 37, 42, 44, 61, 66, 68, 74, 76, 79, 89, 91, 95, 116, 117, 118, 119, 126, 132, 137, 149] 
25 : [24, 31, 50, 69, 105, 129, 133] 
26 : [] 
27 : [1, 21, 30, 33, 38, 43, 46, 48, 57, 63, 93, 97, 98, 99, 125, 127, 145] 
28 : [] 
29 : [] 
fitness : 23267 
