Instalações : Clientes 
0 : [0, 2, 7, 30, 44, 46, 66, 82, 84, 90, 91, 93, 109, 110, 114, 123, 128, 134, 148, 172, 175, 186, 189] 
1 : [] 
2 : [24, 27, 32, 33, 39, 52, 55, 61, 78, 81, 86, 92, 94, 122, 143, 165, 173, 176, 194] 
3 : [1, 3, 4, 8, 10, 19, 20, 60, 63, 65, 67, 76, 80, 95, 104, 105, 107, 120, 130, 135, 144, 145, 147, 153, 158, 181, 190] 
4 : [] 
5 : [9, 18, 21, 26, 34, 62, 72, 73, 75, 98, 101, 102, 106, 113, 119, 132, 136, 138, 139, 154, 196, 199] 
6 : [] 
7 : [] 
8 : [] 
9 : [] 
10 : [] 
11 : [5, 6, 13, 22, 35, 41, 47, 49, 51, 71, 97, 116, 121, 129, 163, 168, 180, 188, 197] 
12 : [] 
13 : [] 
14 : [12, 16, 23, 37, 38, 99, 133, 155, 192] 
15 : [] 
16 : [] 
17 : [] 
18 : [] 
19 : [11, 17, 28, 31, 57, 77, 96, 118, 124, 146, 151, 157, 160, 164, 166, 178, 183, 184, 185, 191] 
20 : [29, 36, 87, 89, 112, 117, 171, 195] 
21 : [] 
22 : [] 
23 : [] 
24 : [15, 40, 43, 59, 68, 70, 115, 150, 156, 167, 179] 
25 : [] 
26 : [14, 25, 58, 79, 100, 103, 108, 111, 127, 159, 161, 162, 169] 
27 : [] 
28 : [45, 54, 56, 64, 88, 125, 126, 137, 140, 141, 152, 170, 174, 193] 
29 : [42, 48, 50, 53, 69, 74, 83, 85, 131, 142, 149, 177, 182, 187, 198] 
fitness : 29909 
