Instalações : Clientes 
0 : [] 
1 : [0, 3, 5, 10, 14, 16, 22, 31, 34, 62, 65, 73, 81, 105, 110, 120, 128, 136, 142, 149, 156, 159, 176, 178, 197] 
2 : [] 
3 : [9, 11, 17, 27, 43, 82, 99, 130, 146, 162, 163, 169, 171, 175, 189, 190, 196] 
4 : [7, 35, 45, 48, 89, 97, 111, 115] 
5 : [] 
6 : [] 
7 : [] 
8 : [4, 12, 32, 36, 37, 64, 67, 69, 80, 90, 98, 102, 124, 131, 140, 144, 170, 182, 198] 
9 : [15, 41, 42, 74, 75, 84, 87, 116, 132, 134, 137, 152, 154, 164, 173, 174, 179, 187, 188] 
10 : [] 
11 : [2, 6, 18, 33, 40, 51, 70, 71, 94, 109, 112, 118, 119, 133, 167, 186] 
12 : [] 
13 : [28, 68, 91, 92, 96, 100, 103, 108, 126, 129, 143, 185, 191, 192, 195] 
14 : [] 
15 : [] 
16 : [] 
17 : [] 
18 : [26, 39, 44, 47, 49, 57, 58, 60, 66, 77, 79, 86, 88, 93, 95, 117, 122, 135, 158, 161, 168, 172] 
19 : [8, 23, 24, 38, 54, 59, 63, 123, 148, 180] 
20 : [] 
21 : [1, 13, 19, 21, 29, 30, 46, 53, 55, 72, 104, 107, 147, 150, 151, 153, 155, 177, 184, 199] 
22 : [] 
23 : [] 
24 : [] 
25 : [25, 52, 61, 78, 101, 106, 113, 114, 121, 138, 141, 145, 157, 160, 165, 166, 181, 183] 
26 : [20, 50, 56, 85, 127, 139] 
27 : [] 
28 : [] 
29 : [76, 83, 125, 193, 194] 
fitness : 30559 
