Instalações : Clientes 
0 : [] 
1 : [28, 34, 40, 49, 62, 65, 90, 94, 102, 105, 110, 120, 128, 172, 197, 198] 
2 : [] 
3 : [5, 8, 11, 27, 78, 82, 84, 85, 87, 138, 146, 147, 156, 157, 159, 163, 168, 169, 171, 173, 177, 181, 183, 189] 
4 : [24, 35, 45, 89, 96, 97, 115, 143, 191] 
5 : [63, 145] 
6 : [1, 7, 37, 38, 48, 50, 54, 61, 73, 81, 108, 111, 113, 114, 126, 140] 
7 : [] 
8 : [0, 2, 10, 12, 20, 25, 32, 33, 46, 51, 53, 55, 67, 71, 107, 131, 142, 144, 170, 194] 
9 : [17, 23, 42, 43, 56, 68, 77, 83, 99, 130, 134, 137, 154, 162, 164, 179, 185] 
10 : [9, 15, 22, 26, 39, 41, 60, 66, 74, 75, 79, 86, 88, 116, 129, 132, 152, 174, 187, 188] 
11 : [19, 70, 76, 80, 109, 117, 118, 119, 124, 133, 153, 155, 186] 
12 : [] 
13 : [52, 91, 92, 100, 101, 103, 121, 139, 141, 160, 178, 192, 195] 
14 : [] 
15 : [] 
16 : [] 
17 : [] 
18 : [21, 29, 31, 44, 47, 57, 58, 72, 93, 95, 104, 122, 125, 136, 150, 151, 158, 161, 175, 193, 199] 
19 : [] 
20 : [] 
21 : [] 
22 : [] 
23 : [3, 106, 127, 135, 165, 166, 190, 196] 
24 : [] 
25 : [] 
26 : [] 
27 : [] 
28 : [4, 6, 13, 14, 16, 18, 30, 36, 59, 64, 69, 98, 112, 123, 148, 149, 167, 176, 180, 182, 184] 
29 : [] 
fitness : 30776 
