Instalações : Clientes 
0 : [64, 67, 83, 130] 
1 : [] 
2 : [] 
3 : [] 
4 : [6, 14, 20, 21, 23, 38, 43, 46, 51, 68, 69, 76, 78, 87, 97, 100, 106, 115, 125, 129, 133, 136] 
5 : [5, 27, 36, 42, 44, 53, 61, 74, 91, 95, 105, 116, 117, 118, 119, 120, 126, 132, 147] 
6 : [2, 4, 11, 54, 60, 71, 77, 99, 138] 
7 : [] 
8 : [] 
9 : [] 
10 : [] 
11 : [0, 1, 7, 9, 17, 19, 40, 56, 65, 72, 73, 81, 85, 86, 92, 93, 98, 101, 104, 107, 113, 114, 131, 140, 145, 149] 
12 : [] 
13 : [] 
14 : [3, 13, 16, 25, 39, 41, 45, 47, 52, 55, 59, 75, 96, 102, 110, 135, 139, 143, 148] 
15 : [] 
16 : [] 
17 : [112] 
18 : [] 
19 : [26, 84, 90, 121] 
20 : [70, 142, 144] 
21 : [] 
22 : [] 
23 : [] 
24 : [] 
25 : [10, 18, 22, 24, 28, 29, 30, 31, 33, 37, 50, 57, 58, 63, 66, 79, 89, 94, 103, 122, 128, 137, 146] 
26 : [] 
27 : [48, 127] 
28 : [8, 12, 15, 32, 34, 35, 49, 62, 80, 82, 88, 108, 109, 111, 123, 124, 134, 141] 
29 : [] 
fitness : 17406 
