Instalações : Clientes 
0 : [1, 9, 34, 42, 51, 60, 71, 74, 104, 141, 180, 191] 
1 : [] 
2 : [21, 27, 37, 59, 61, 100, 109, 143, 171, 179, 186] 
3 : [16, 77, 94, 95, 102, 122, 127, 135, 149, 157, 159] 
4 : [] 
5 : [22, 25, 81, 89, 139, 165, 166] 
6 : [] 
7 : [0, 8, 10, 13, 38, 48, 53, 72, 83, 87, 120, 133, 144, 156, 185, 194, 197] 
8 : [] 
9 : [] 
10 : [3, 5, 24, 30, 40, 44, 67, 75, 79, 82, 86, 108, 110, 117, 126, 131, 140, 188] 
11 : [19, 20, 28, 33, 35, 41, 46, 49, 62, 65, 68, 103, 105, 114, 148, 151, 158, 170, 178, 183, 187, 195] 
12 : [] 
13 : [] 
14 : [57, 189] 
15 : [14, 15, 29, 54, 69, 85, 128, 142, 145, 155, 164, 167, 174, 175, 198, 199] 
16 : [] 
17 : [2, 11, 23, 26, 32, 55, 63, 84, 90, 96, 97, 123, 130, 152, 154] 
18 : [] 
19 : [] 
20 : [] 
21 : [18, 31, 36, 50, 58, 70, 73, 80, 99, 112, 113, 116, 118, 134, 150, 169, 184, 193] 
22 : [6, 17, 39, 76, 98, 132, 168] 
23 : [] 
24 : [] 
25 : [7, 52, 56, 64, 88, 107, 136, 172, 173, 192] 
26 : [4, 12, 43, 45, 47, 101, 106, 111, 115, 119, 129, 137, 138, 146, 147, 160, 161, 176, 177, 190, 196] 
27 : [] 
28 : [66, 78, 91, 92, 93, 121, 124, 125, 153, 162, 163, 181, 182] 
29 : [] 
fitness : 34537 
