Instalações : Clientes 
0 : [] 
1 : [] 
2 : [0, 47, 59, 60, 78, 79, 86, 95, 131, 140, 141, 179, 191] 
3 : [] 
4 : [] 
5 : [3, 5, 22, 30, 67, 81, 89, 108, 166, 173] 
6 : [] 
7 : [28, 33, 38, 72, 83, 87, 91, 120, 124, 133, 153, 155, 163, 167, 174] 
8 : [10, 21, 34, 35, 46, 76, 145, 161, 182, 189, 196] 
9 : [] 
10 : [] 
11 : [9, 56, 62, 68, 77, 98, 102, 103, 104, 107, 122, 127, 144, 148, 151, 157, 158, 159, 170, 180, 183, 187, 195] 
12 : [] 
13 : [1, 8, 11, 13, 16, 20, 29, 65, 66, 69, 85, 92, 93, 156, 168, 185, 194] 
14 : [31, 186] 
15 : [] 
16 : [] 
17 : [4, 15, 23, 51, 58, 90, 97, 112, 123, 130, 134, 152, 154] 
18 : [] 
19 : [] 
20 : [19, 42, 49, 53, 114, 125] 
21 : [7, 14, 36, 50, 70, 73, 99, 100, 106, 111, 113, 116, 137, 150, 160, 169, 177, 193] 
22 : [6, 132, 178] 
23 : [24, 25, 40, 44, 52, 74, 75, 82, 88, 94, 109, 110, 126, 135, 139, 149, 171, 188] 
24 : [2, 55, 63, 80, 96, 105, 128, 175, 198] 
25 : [12, 27, 32, 45, 64, 71, 117, 172, 192] 
26 : [26, 37, 39, 43, 48, 54, 57, 61, 84, 101, 115, 118, 129, 138, 143, 146, 147, 165, 176, 184, 190] 
27 : [17, 18, 41, 119, 121, 136, 142, 162, 164, 181, 197, 199] 
28 : [] 
29 : [] 
fitness : 34527 
