Instalações : Clientes 
0 : [] 
1 : [3, 5, 9, 15, 16, 29, 47, 53, 62, 65, 68, 95, 107, 121, 135, 136, 142, 169, 173, 175, 178, 194, 197] 
2 : [] 
3 : [] 
4 : [] 
5 : [] 
6 : [0, 20, 23, 25, 28, 34, 35, 45, 50, 61, 101, 103, 126] 
7 : [] 
8 : [6, 11, 12, 24, 26, 30, 40, 46, 64, 89, 90, 94, 96, 102, 110, 131, 155, 168, 170] 
9 : [17, 74, 75, 79, 85, 87, 92, 130, 137, 139, 157, 162, 163, 164, 165, 187, 196] 
10 : [22, 41, 42, 43, 56, 66, 84, 86, 99, 116, 132, 134, 152, 154, 156, 159, 174, 177, 179, 183, 188, 189] 
11 : [18, 19, 33, 51, 55, 67, 69, 70, 80, 104, 109, 117, 124, 133, 153, 182] 
12 : [71, 118, 119, 184] 
13 : [] 
14 : [111, 115, 143] 
15 : [] 
16 : [27, 58, 60, 77, 83, 88, 93, 122, 161] 
17 : [] 
18 : [] 
19 : [] 
20 : [] 
21 : [10, 13, 21, 31, 37, 39, 44, 49, 72, 76, 120, 125, 129, 147, 150, 151, 158, 172, 186, 193, 198, 199] 
22 : [] 
23 : [8, 57, 82, 105, 128, 146, 171, 181, 190] 
24 : [] 
25 : [52, 78, 100, 106, 113, 114, 127, 138, 141, 160, 166, 185, 192, 195] 
26 : [] 
27 : [7, 48, 54, 81, 108, 140, 176, 180, 191] 
28 : [1, 2, 4, 14, 32, 36, 38, 59, 63, 73, 91, 97, 98, 112, 123, 144, 145, 148, 149, 167] 
29 : [] 
fitness : 31520 
