Instalações : Clientes 
0 : [154] 
1 : [174] 
2 : [] 
3 : [] 
4 : [0, 3, 28, 46, 48, 49, 51, 52, 54, 58, 61, 70, 71, 72, 74, 78, 80, 83, 84, 88, 89, 90, 91, 92, 93, 95, 96, 98, 99, 100, 101, 102, 103, 104, 106, 107, 110, 113, 119, 120, 122, 126, 129, 130, 132, 135, 136, 139, 140, 141, 142, 146, 148, 150, 153, 163, 165, 167, 168, 179, 187, 190, 191, 192, 193, 198] 
5 : [] 
6 : [5, 65] 
7 : [] 
8 : [] 
9 : [47, 147, 155, 160, 161, 166, 169, 172, 181] 
10 : [] 
11 : [] 
12 : [42, 45, 50, 53, 55, 57, 59, 60, 64, 67, 68, 69, 77, 82, 94, 105, 108, 112, 114, 115, 117, 123, 156, 162, 170, 196, 197] 
13 : [27, 40, 157, 180, 182, 188] 
14 : [] 
15 : [] 
16 : [1, 7, 25, 29, 30, 31, 32, 33, 35, 36, 37, 38, 39, 41, 44, 62, 66, 79, 116, 131, 137, 151, 171, 173, 175, 176] 
17 : [] 
18 : [73, 158, 186] 
19 : [] 
20 : [] 
21 : [15, 22, 23, 24, 26, 56, 86, 97, 111, 124, 127, 138, 144, 145, 177, 178, 184, 185, 189] 
22 : [] 
23 : [76, 194] 
24 : [] 
25 : [] 
26 : [2, 4, 8, 9, 10, 11, 12, 13, 14, 16, 17, 18, 19, 20, 21, 34, 43, 63, 75, 81, 85, 87, 109, 134, 149, 152, 195] 
27 : [] 
28 : [6, 118, 121, 125, 128, 133, 143, 159, 164, 183, 199] 
29 : [] 
fitness : 32759 
