Instalações : Clientes 
0 : [] 
1 : [] 
2 : [5, 59, 70, 75, 82, 86] 
3 : [3, 10, 41, 43, 55, 60] 
4 : [17, 24, 80, 87] 
5 : [] 
6 : [63] 
7 : [] 
8 : [0, 1, 2, 7, 11, 21, 52, 68, 78, 88] 
9 : [13, 31, 42, 64] 
10 : [16, 23, 29, 30, 57, 58, 74, 79] 
11 : [] 
12 : [56, 62, 73, 85] 
13 : [] 
14 : [50, 84] 
15 : [4, 48] 
16 : [] 
17 : [] 
18 : [] 
19 : [44, 65] 
20 : [8, 39] 
21 : [] 
22 : [18] 
23 : [20, 22, 28, 35, 51] 
24 : [12, 19, 26, 27, 34, 54, 67, 71, 76] 
25 : [9, 14, 32, 38, 61, 69] 
26 : [] 
27 : [6, 15, 25, 33, 46, 47, 81, 83, 89] 
28 : [36, 40, 45, 49, 72, 77] 
29 : [37, 53, 66] 
fitness : 96488 
