Instalações : Clientes 
0 : [] 
1 : [0, 1, 8, 16, 17, 25, 34, 53, 65, 81, 84, 89, 128, 135, 149, 172, 175, 178, 197] 
2 : [] 
3 : [3, 5, 43, 52, 79, 82, 87, 116, 134, 137, 140, 142, 154, 157, 162, 163, 164, 165, 173, 196] 
4 : [] 
5 : [] 
6 : [] 
7 : [] 
8 : [7, 28, 30, 32, 35, 36, 37, 38, 40, 46, 54, 64, 73, 90, 92, 94, 98, 100, 103, 107, 112, 144, 145, 170] 
9 : [] 
10 : [11, 15, 39, 41, 42, 56, 66, 74, 75, 83, 85, 86, 91, 99, 130, 132, 152, 156, 159, 179, 183, 189] 
11 : [2, 4, 6, 13, 14, 18, 33, 51, 67, 69, 76, 80, 109, 119, 124, 131, 167, 186] 
12 : [] 
13 : [24, 111, 127, 139, 141, 143, 169, 185, 192] 
14 : [] 
15 : [70, 71, 104, 110, 117, 118, 125, 133, 153, 155, 182, 184, 198] 
16 : [] 
17 : [] 
18 : [9, 22, 27, 49, 57, 58, 60, 77, 88, 93, 95, 122, 146, 151, 161, 174, 177, 187, 188, 193] 
19 : [59, 63, 96, 97, 108, 115, 123, 129, 148, 160, 180, 191] 
20 : [] 
21 : [10, 12, 19, 21, 29, 31, 44, 47, 55, 62, 72, 120, 147, 150, 158, 168, 194, 199] 
22 : [] 
23 : [23, 105, 121, 136, 171, 181, 190] 
24 : [26, 102] 
25 : [20, 45, 48, 50, 61, 68, 78, 101, 106, 113, 114, 126, 138, 166, 176, 195] 
26 : [] 
27 : [] 
28 : [] 
29 : [] 
fitness : 30667 
