Instalações : Clientes 
0 : [] 
1 : [] 
2 : [] 
3 : [] 
4 : [] 
5 : [] 
6 : [] 
7 : [] 
8 : [] 
9 : [] 
10 : [2, 102, 112, 127, 140, 172] 
11 : [] 
12 : [] 
13 : [14, 44, 49, 69, 105, 122, 159, 166, 176, 192] 
14 : [27, 35, 36, 74, 136, 138, 154, 156, 158, 181] 
15 : [6, 8, 12, 22, 29, 31, 32, 45, 53, 78, 79, 92, 97, 107, 146, 150, 152, 155, 170] 
16 : [0, 1, 18, 24, 30, 47, 48, 52, 58, 63, 67, 73, 85, 88, 89, 100, 108, 121, 147, 151, 163, 169, 189, 190, 196, 198] 
17 : [] 
18 : [17, 28, 66, 77, 114, 117, 144, 178, 191] 
19 : [] 
20 : [40, 65, 68, 83, 91, 103, 106, 109, 116, 126, 142, 157, 177, 188, 194] 
21 : [16, 39, 71, 76, 87, 95, 115, 118, 153, 175, 184] 
22 : [46, 93, 104, 129, 137, 186, 197] 
23 : [] 
24 : [] 
25 : [] 
26 : [] 
27 : [3, 7, 9, 21, 33, 42, 50, 56, 90, 124, 130, 141, 182] 
28 : [] 
29 : [] 
30 : [5, 13, 54, 57, 59, 62, 98, 123, 133, 179, 180, 199] 
31 : [] 
32 : [] 
33 : [] 
34 : [] 
35 : [] 
36 : [] 
37 : [] 
38 : [] 
39 : [149] 
40 : [26, 34, 37, 55, 75, 81, 86, 111, 113, 120, 171] 
41 : [] 
42 : [] 
43 : [] 
44 : [] 
45 : [] 
46 : [25, 51, 72, 101, 161] 
47 : [] 
48 : [] 
49 : [] 
50 : [] 
51 : [61, 162, 173, 193, 195] 
52 : [] 
53 : [4, 20, 64, 70, 80, 94, 96, 99, 110, 119, 128, 164, 168, 187] 
54 : [10, 11, 15, 38, 41, 43, 60, 82, 125, 131, 134, 135, 139, 143, 145, 160, 174] 
55 : [] 
56 : [23, 132, 165, 185] 
57 : [] 
58 : [19, 84, 148, 167, 183] 
59 : [] 
fitness : 35839 
