Instalações : Clientes 
0 : [] 
1 : [19, 142, 189] 
2 : [6, 22, 29, 45, 46, 53, 57, 78, 90, 105, 107, 130, 146, 150, 152, 166, 182, 191] 
3 : [23, 65, 68, 71, 81, 83, 100, 132, 153, 177, 188, 194] 
4 : [] 
5 : [] 
6 : [] 
7 : [] 
8 : [24, 84, 85, 97, 99, 115, 123, 125, 128, 131, 135, 139, 147, 163, 170, 190, 196, 199] 
9 : [] 
10 : [56, 63, 67, 102, 109, 112, 113, 151, 157, 165, 175, 185] 
11 : [] 
12 : [] 
13 : [] 
14 : [] 
15 : [] 
16 : [3, 14, 18, 36, 37, 39, 42, 47, 48, 88, 103, 116, 143, 156, 158, 167, 172, 174] 
17 : [] 
18 : [] 
19 : [] 
20 : [] 
21 : [] 
22 : [] 
23 : [2, 75, 76, 82, 87, 89, 94, 95, 121, 134, 149, 160, 162, 164, 173, 184, 195] 
24 : [] 
25 : [] 
26 : [] 
27 : [7, 8, 9, 10, 12, 16, 32, 44, 59, 79, 91, 93, 119, 138, 155] 
28 : [] 
29 : [] 
30 : [] 
31 : [] 
32 : [] 
33 : [] 
34 : [] 
35 : [] 
36 : [] 
37 : [] 
38 : [] 
39 : [30, 111, 148] 
40 : [38, 40, 43, 55, 120, 126, 140, 171] 
41 : [] 
42 : [] 
43 : [] 
44 : [1, 13, 21, 28, 35, 41, 60, 61, 114, 122, 133, 136, 159, 176, 181, 192] 
45 : [] 
46 : [5, 64, 101, 161, 168] 
47 : [11, 15, 54, 70, 73, 108, 145, 180, 183, 187, 193, 198] 
48 : [] 
49 : [] 
50 : [] 
51 : [] 
52 : [117, 124, 129, 137, 144, 169, 178, 186] 
53 : [4, 20, 25, 31, 49, 51, 58, 62, 72, 80, 96, 98, 110, 179] 
54 : [27, 33, 34, 50, 52, 66, 69, 77, 86, 92, 104, 106, 141, 154, 197] 
55 : [0, 17, 26, 74, 118, 127] 
56 : [] 
57 : [] 
58 : [] 
59 : [] 
fitness : 33591 
