Instalações : Clientes 
0 : [] 
1 : [21, 34, 35, 41, 43, 54, 97, 106, 115, 124, 125, 127, 140, 170, 172, 186, 192] 
2 : [] 
3 : [9, 14, 20, 32, 44, 101, 107, 114, 168, 183, 185, 198, 199] 
4 : [] 
5 : [] 
6 : [] 
7 : [] 
8 : [] 
9 : [5, 25, 29, 59, 62, 63, 71, 72, 93, 113, 133, 158, 162, 165, 174, 187] 
10 : [1, 6, 11, 49, 50, 61, 78, 80, 87, 105, 136] 
11 : [] 
12 : [13, 22, 30, 65, 70, 73, 76, 81, 86, 88, 89, 99, 121, 142, 145, 150, 161, 169, 188] 
13 : [3, 42, 48, 53, 55, 64, 74, 95, 103, 109, 120, 130, 131, 134, 137, 139, 141, 152, 154, 155, 157, 189, 193] 
14 : [31, 39, 40, 52, 75, 85, 92, 102, 118, 123, 128, 129, 144, 147, 151, 159, 180, 182] 
15 : [18, 19, 138, 153, 166] 
16 : [10, 26, 27, 36, 58, 79, 84, 110, 143, 156] 
17 : [38, 132, 178, 181, 194] 
18 : [7, 28, 33, 57, 66, 82, 90, 96, 108, 119, 135, 149, 163, 176, 179, 184, 190, 191] 
19 : [] 
20 : [0, 8, 12, 15, 17, 23, 24, 56, 60, 67, 68, 69, 77, 83, 91, 98, 122, 126, 148, 164, 167, 171, 177, 196] 
21 : [] 
22 : [4, 16, 37, 45, 46, 51, 112, 116, 146, 197] 
23 : [] 
24 : [] 
25 : [2, 47, 94, 104, 111, 117, 160, 173, 195] 
26 : [] 
27 : [] 
28 : [100, 175] 
29 : [] 
fitness : 32595 
