Instalações : Clientes 
0 : [0, 1, 42, 92, 104, 111, 119, 135, 154, 163, 182, 184, 188, 193] 
1 : [] 
2 : [] 
3 : [] 
4 : [2, 3, 6, 9, 12, 14, 15, 18, 19, 21, 23, 24, 26, 27, 29, 31, 32, 37, 38, 39, 40, 46, 47, 48, 49, 52, 54, 58, 61, 64, 66, 70, 72, 74, 77, 82, 84, 86, 87, 90, 112, 116, 121, 125, 128, 131, 133, 136, 137, 140, 142, 149, 150, 151, 156, 159, 164, 165, 168, 171, 172, 173, 176, 177, 185, 199] 
5 : [174] 
6 : [] 
7 : [] 
8 : [10, 11, 13, 17, 22, 28, 34, 36, 43, 56, 75, 79, 80, 81, 95, 101, 102, 107, 123, 124, 134, 138, 145, 166, 169, 195] 
9 : [55, 129, 153, 155, 160, 161, 162, 181, 189] 
10 : [] 
11 : [] 
12 : [157, 170, 196, 197] 
13 : [68, 158] 
14 : [] 
15 : [4, 5, 7, 35, 71, 85, 88, 89, 91, 96, 97, 99, 109, 127, 139, 144, 147, 148, 152, 167, 179, 187] 
16 : [] 
17 : [] 
18 : [] 
19 : [] 
20 : [] 
21 : [16, 20, 25, 30, 41, 45, 50, 51, 53, 57, 60, 62, 63, 65, 69, 76, 93, 94, 103, 105, 108, 113, 114, 115, 118, 120, 141] 
22 : [] 
23 : [33] 
24 : [8, 44, 59, 67, 73, 78, 100, 106, 130, 132, 143, 146, 183, 186, 194] 
25 : [110, 117, 122, 175] 
26 : [] 
27 : [83, 98, 126, 178, 180, 190, 191, 192, 198] 
28 : [] 
29 : [] 
fitness : 32617 
