Instalações : Clientes 
0 : [0] 
1 : [7, 10, 14, 30, 78, 82, 85, 87, 105, 115, 170, 172, 177, 178] 
2 : [33, 53, 58, 64, 112, 117, 135, 152, 167, 193, 197] 
3 : [9, 11, 17, 31, 47, 50, 61, 75, 91, 92, 114, 131, 137, 148, 198] 
4 : [] 
5 : [2, 3, 4, 16, 23, 42, 46, 55, 70, 94, 98, 103, 109, 120, 134, 141, 155, 157, 169, 195] 
6 : [20, 38, 65, 69, 73, 77, 79, 89, 99, 121, 132, 142, 188] 
7 : [26, 36, 156] 
8 : [] 
9 : [5, 12, 19, 25, 29, 40, 45, 52, 59, 62, 63, 71, 72, 93, 124, 143, 144, 153, 158, 180] 
10 : [] 
11 : [] 
12 : [13, 22, 27, 32, 44, 56, 74, 80, 83, 88, 95, 101, 110, 122, 145, 150, 159, 161, 166, 176, 181, 185, 189, 194] 
13 : [] 
14 : [8, 107, 118, 123, 126, 128, 129, 136, 164, 165, 171, 175, 196] 
15 : [] 
16 : [67] 
17 : [] 
18 : [39, 48, 49, 66, 96, 108, 116, 119, 146, 149, 163, 179, 184, 190, 191] 
19 : [15, 18, 41, 60, 68, 84, 97, 102, 113, 162, 174, 182, 187, 199] 
20 : [] 
21 : [] 
22 : [] 
23 : [] 
24 : [] 
25 : [1, 37, 51, 57, 90, 100, 104, 111, 130, 139, 151, 154, 160, 173] 
26 : [] 
27 : [] 
28 : [] 
29 : [6, 21, 24, 28, 34, 35, 43, 54, 76, 81, 86, 106, 125, 127, 133, 138, 140, 147, 168, 183, 186, 192] 
fitness : 34337 
