Instalações : Clientes 
0 : [] 
1 : [] 
2 : [] 
3 : [23, 56, 75, 82, 84, 86, 99, 116, 130, 134, 137, 146, 152, 157, 163, 164, 169, 171, 189, 190] 
4 : [] 
5 : [4, 7, 37, 148] 
6 : [8, 15, 16, 50, 61, 68, 96, 103, 105, 108, 111, 140, 149] 
7 : [] 
8 : [10, 12, 32, 46, 67, 90, 102, 107, 117, 136, 142, 147, 170, 172, 186, 194, 197, 198] 
9 : [] 
10 : [] 
11 : [30, 33, 51, 55, 69, 70, 71, 80, 109, 118, 119, 124, 133, 150, 153, 182, 184] 
12 : [] 
13 : [25, 78, 81, 85, 87, 92, 100, 126, 127, 139, 160, 165, 183, 195] 
14 : [] 
15 : [] 
16 : [66, 74, 77, 83, 88, 110, 125, 132, 151, 193] 
17 : [41, 173, 179, 187] 
18 : [5, 9, 13, 17, 26, 27, 39, 42, 57, 58, 60, 95, 120, 122, 128, 135, 156, 159, 161, 174, 175, 177, 188] 
19 : [0, 24, 35, 38, 45, 48, 63, 89, 91, 97, 115, 123, 143, 178, 191] 
20 : [] 
21 : [21, 22, 29, 31, 44, 47, 49, 53, 62, 72, 76, 79, 93, 104, 155, 158, 168, 199] 
22 : [] 
23 : [] 
24 : [] 
25 : [11, 20, 34, 52, 106, 113, 114, 121, 138, 141, 154, 162, 166, 181, 185, 192, 196] 
26 : [] 
27 : [3, 28, 54, 59, 73, 98, 101, 145, 176] 
28 : [1, 2, 6, 14, 18, 19, 36, 40, 43, 64, 65, 94, 112, 129, 131, 144, 167, 180] 
29 : [] 
fitness : 31733 
