Instalações : Clientes 
0 : [0, 60, 79, 84, 94, 105, 118, 173, 191] 
1 : [] 
2 : [7, 27, 43, 47, 59, 61, 64, 136, 169, 186] 
3 : [1, 8, 16, 20, 28, 34, 48, 71, 77, 95, 102, 103, 127, 132, 135, 141, 151, 157, 170, 179] 
4 : [66, 85, 114, 164, 167, 168, 174] 
5 : [] 
6 : [] 
7 : [4, 72, 83, 87, 120, 124, 133, 142, 156, 163, 175, 197] 
8 : [26, 36, 63, 73, 130, 137, 145] 
9 : [11, 12, 13, 32, 33, 35, 52, 62, 78, 88, 92, 104, 107, 122, 149, 155, 180, 187, 195] 
10 : [] 
11 : [9, 10, 14, 15, 19, 38, 41, 42, 45, 46, 49, 53, 56, 65, 68, 91, 125, 140, 148, 153, 158, 159, 178, 183, 185] 
12 : [5, 24, 82] 
13 : [] 
14 : [2, 57] 
15 : [] 
16 : [] 
17 : [] 
18 : [] 
19 : [] 
20 : [] 
21 : [58, 90, 97, 99, 106, 112, 113, 116, 129, 134, 144, 150, 152, 154, 177, 184, 198] 
22 : [17, 21, 76, 109, 189, 192, 196] 
23 : [3, 6, 22, 25, 30, 40, 67, 74, 75, 81, 101, 108, 110, 117, 126, 139, 143, 171, 188] 
24 : [] 
25 : [37, 86, 89, 98, 121, 131, 172, 176] 
26 : [18, 23, 29, 31, 39, 44, 50, 51, 70, 100, 111, 115, 123, 138, 146, 147, 160, 161, 165, 166, 190, 193] 
27 : [54, 55, 69, 80, 93, 96, 119, 128, 162, 181, 182, 194, 199] 
28 : [] 
29 : [] 
fitness : 34635 
