Instalações : Clientes 
0 : [] 
1 : [0, 17, 32, 44, 45, 54, 61, 72, 75, 101, 114, 136, 140, 143, 162, 186, 198] 
2 : [] 
3 : [] 
4 : [26] 
5 : [1, 2, 3, 8, 40, 46, 74, 86, 105, 121, 141, 157, 159, 161, 169, 173] 
6 : [13, 38, 65, 70, 87, 89, 99, 130, 132, 150, 178, 194] 
7 : [] 
8 : [] 
9 : [5, 6, 18, 19, 25, 29, 41, 62, 63, 71, 78, 92, 97, 124, 133, 138, 158, 182, 187] 
10 : [] 
11 : [] 
12 : [14, 20, 22, 30, 31, 37, 47, 50, 51, 53, 73, 80, 81, 85, 88, 100, 115, 134, 142, 145, 168, 185, 188] 
13 : [4, 7, 11, 28, 33, 36, 42, 48, 55, 57, 64, 66, 84, 90, 95, 103, 108, 109, 110, 131, 135, 152, 154, 155, 189, 190, 193] 
14 : [128, 129, 151, 153, 164, 165, 174, 177, 180, 191, 196] 
15 : [] 
16 : [] 
17 : [] 
18 : [] 
19 : [] 
20 : [9, 10, 12, 16, 23, 24, 27, 39, 49, 52, 56, 60, 67, 69, 79, 82, 94, 98, 104, 118, 122, 148, 156, 167, 171, 175] 
21 : [] 
22 : [58, 68, 77, 91, 96, 112, 116, 119, 146, 149, 163, 176, 179, 184] 
23 : [102, 107, 172, 183] 
24 : [] 
25 : [83, 111, 117, 120, 123, 126, 137, 139, 160, 195, 197] 
26 : [] 
27 : [] 
28 : [] 
29 : [15, 21, 34, 35, 43, 59, 76, 93, 106, 113, 125, 127, 144, 147, 166, 170, 181, 192, 199] 
fitness : 30886 
