Instalações : Clientes 
0 : [] 
1 : [] 
2 : [] 
3 : [] 
4 : [9, 21, 22, 23, 25, 26, 28, 29, 30, 34, 35] 
5 : [] 
6 : [] 
7 : [] 
8 : [33, 38, 39, 40, 41, 46, 47] 
9 : [] 
10 : [] 
11 : [] 
12 : [45, 50, 53, 57] 
13 : [13, 24, 27, 31, 32, 36, 37, 43, 48, 49, 51, 52, 54, 59] 
14 : [] 
15 : [] 
16 : [42, 44, 55, 56, 58, 61, 62, 63, 64, 65, 66, 67, 73, 75, 76, 77] 
17 : [0, 1, 2, 3, 4, 5, 6, 7, 8, 10, 11, 12, 14, 15, 16, 17, 18, 19, 20, 60, 68, 69, 70, 71, 72, 74, 78, 79] 
18 : [] 
19 : [] 
fitness : 7364 
