Instalações : Clientes 
0 : [23, 26, 33, 34, 52, 69, 70, 75] 
1 : [] 
2 : [21, 32, 41, 44, 59, 64, 86] 
3 : [3, 28, 31, 38, 60] 
4 : [] 
5 : [45, 58, 83] 
6 : [7] 
7 : [] 
8 : [9, 11, 15, 17, 36, 50, 62, 66, 68, 88] 
9 : [] 
10 : [24, 29, 56, 65, 67, 74, 79] 
11 : [2, 5, 10] 
12 : [] 
13 : [] 
14 : [] 
15 : [] 
16 : [] 
17 : [14, 16, 22, 85] 
18 : [] 
19 : [47, 82] 
20 : [8, 73] 
21 : [] 
22 : [] 
23 : [13, 20, 35, 51, 71, 80] 
24 : [12, 18, 19, 27, 43, 76, 78, 87] 
25 : [0, 1, 4, 42, 61] 
26 : [] 
27 : [6, 30, 46, 53, 55, 57, 63, 81, 89] 
28 : [25, 40, 48, 49, 72, 77, 84] 
29 : [37, 39, 54] 
fitness : 99175 
