Instalações : Clientes 
0 : [] 
1 : [] 
2 : [] 
3 : [9, 10, 11, 12, 13, 14, 15, 47, 60, 63, 76, 77, 78, 79] 
4 : [0, 1, 2, 3, 4, 5, 6, 7, 8, 16, 17, 18, 19, 21, 22, 23, 24, 25, 26, 27, 28, 29, 30, 31, 32, 33, 34, 35, 36, 37, 38, 42, 43, 44, 45, 51, 52, 54, 55, 56, 57, 58, 59, 62, 64, 65, 66, 67, 68, 70, 71, 72, 73, 74, 75] 
5 : [20, 39, 40, 41, 46, 48, 49, 53, 61] 
6 : [] 
7 : [] 
8 : [] 
9 : [] 
10 : [] 
11 : [] 
12 : [50] 
13 : [69] 
14 : [] 
15 : [] 
16 : [] 
17 : [] 
18 : [] 
19 : [] 
fitness : 8533 
