Instalações : Clientes 
0 : [0, 14, 23, 26, 32, 70, 80, 82] 
1 : [] 
2 : [5, 6, 51, 58, 75, 86, 87] 
3 : [] 
4 : [17, 20, 24, 37, 49] 
5 : [] 
6 : [] 
7 : [] 
8 : [1, 7, 8, 29, 38, 39, 44, 52, 88] 
9 : [27, 40, 79] 
10 : [2, 4, 11, 41, 57, 64, 67] 
11 : [10] 
12 : [9, 45, 50, 62, 73, 74] 
13 : [] 
14 : [] 
15 : [] 
16 : [] 
17 : [18, 53, 76, 85] 
18 : [] 
19 : [] 
20 : [31, 35] 
21 : [12, 16, 21, 30, 55, 59, 61, 65] 
22 : [3] 
23 : [13, 22, 28, 33, 42, 68] 
24 : [19, 34, 54, 56, 60, 66, 69, 78] 
25 : [] 
26 : [] 
27 : [15, 36, 46, 63, 71, 81, 83, 89] 
28 : [25, 43, 47, 48, 72, 77, 84] 
29 : [] 
fitness : 94934 
