Instalações : Clientes 
0 : [0, 78, 121, 129, 139, 154, 157, 163, 165, 169, 183, 196] 
1 : [16, 22, 23, 27, 32, 53, 62, 65, 73, 94, 106, 125, 128, 136, 140, 142, 172, 175, 190, 197] 
2 : [] 
3 : [] 
4 : [] 
5 : [] 
6 : [] 
7 : [] 
8 : [3, 4, 7, 12, 14, 18, 28, 29, 40, 55, 64, 90, 95, 102, 112, 123, 131, 144, 149, 170, 176] 
9 : [] 
10 : [11, 17, 41, 42, 43, 56, 75, 85, 87, 99, 130, 132, 134, 159, 164, 174, 179, 187, 189] 
11 : [1, 30, 33, 37, 46, 51, 67, 69, 70, 71, 80, 109, 118, 119, 124, 133, 167, 184] 
12 : [] 
13 : [89, 160, 185, 195] 
14 : [] 
15 : [] 
16 : [21, 44, 72, 76, 77, 86, 93, 152, 193] 
17 : [] 
18 : [5, 9, 15, 26, 31, 39, 47, 49, 57, 58, 60, 66, 74, 79, 83, 88, 122, 161, 178, 188, 199] 
19 : [] 
20 : [48, 63, 100, 111, 192] 
21 : [13, 104, 107, 110, 117, 120, 147, 150, 151, 153, 155, 158, 168, 182, 186] 
22 : [] 
23 : [84, 91, 105, 116, 135, 137, 146, 156, 171, 177, 181] 
24 : [6] 
25 : [24, 34, 50, 52, 61, 82, 92, 96, 101, 113, 114, 138, 141, 143, 162, 166, 173, 198] 
26 : [] 
27 : [] 
28 : [2, 8, 10, 19, 20, 25, 35, 36, 38, 45, 54, 59, 68, 81, 97, 98, 103, 108, 115, 126, 127, 145, 148, 180, 191, 194] 
29 : [] 
fitness : 31650 
