Instalações : Clientes 
0 : [] 
1 : [] 
2 : [9, 46, 51, 67, 69, 102, 113, 148, 154, 170, 173, 190, 194, 196] 
3 : [] 
4 : [13, 27, 42, 55, 79, 83, 84, 93, 95, 132, 169, 171, 186, 197, 198] 
5 : [] 
6 : [] 
7 : [] 
8 : [0, 7, 23, 31, 34, 63, 70, 78, 82, 96, 125, 133, 155, 158, 159, 188, 189] 
9 : [] 
10 : [] 
11 : [3, 5, 15, 18, 26, 28, 30, 47, 58, 65, 85, 89, 97, 105, 145, 178, 180, 183] 
12 : [] 
13 : [1, 2, 8, 10, 20, 39, 43, 71, 76, 81, 106, 117, 131, 134, 150, 166, 193] 
14 : [] 
15 : [] 
16 : [] 
17 : [21, 60, 77, 91, 124, 135, 152, 175] 
18 : [] 
19 : [4, 104] 
20 : [] 
21 : [] 
22 : [] 
23 : [] 
24 : [] 
25 : [] 
26 : [] 
27 : [] 
28 : [] 
29 : [] 
30 : [11, 19, 37, 41, 44, 45, 54, 66, 94, 98, 99, 101, 103, 116, 118, 129, 156, 157, 172, 174, 179, 181, 187, 192] 
31 : [] 
32 : [] 
33 : [] 
34 : [] 
35 : [] 
36 : [32, 36, 61, 62, 73, 75, 80, 88, 92, 109, 126, 138, 146, 177, 182, 185, 191] 
37 : [] 
38 : [] 
39 : [] 
40 : [6, 12, 25, 40, 50, 53, 68, 74, 107, 111, 122, 136, 144, 162, 165, 184, 199] 
41 : [] 
42 : [] 
43 : [] 
44 : [] 
45 : [] 
46 : [] 
47 : [] 
48 : [] 
49 : [] 
50 : [14, 38, 48, 57, 86, 87, 108, 130, 139, 142, 151, 153, 163, 164, 176] 
51 : [16, 115, 123, 128, 160] 
52 : [17, 22, 33, 64, 100, 121, 127, 143, 149, 161, 167, 168, 195] 
53 : [] 
54 : [] 
55 : [24, 29, 35, 49, 52, 56, 59, 72, 90, 110, 112, 114, 119, 120, 137, 140, 141, 147] 
56 : [] 
57 : [] 
58 : [] 
59 : [] 
fitness : 34072 
