Instalações : Clientes 
0 : [] 
1 : [] 
2 : [0, 21, 29, 33, 50, 61, 74, 77, 80, 81, 87, 94, 96, 145, 156, 160, 164, 175, 179, 180, 181, 190] 
3 : [] 
4 : [] 
5 : [] 
6 : [] 
7 : [] 
8 : [] 
9 : [] 
10 : [63, 66, 73, 76, 78, 82, 85, 95, 133, 135, 137, 139, 162, 171, 177, 185, 198] 
11 : [] 
12 : [83, 92, 93, 97, 102, 113, 114, 121, 127, 132, 140, 142, 144, 184, 192, 193, 195] 
13 : [] 
14 : [] 
15 : [] 
16 : [] 
17 : [13, 17, 24, 28, 32, 41, 42, 44, 49, 54, 72, 84, 120, 129, 151, 152, 167, 173] 
18 : [2, 14, 25, 35, 58, 59, 62, 70, 89, 91, 103, 104, 117, 141, 149, 194, 196] 
19 : [86, 106, 110, 111, 115, 123, 124, 128, 172, 174, 178, 199] 
20 : [] 
21 : [4, 6, 12, 22, 23, 26, 47, 51, 52, 53, 98, 101, 107, 125, 126, 147, 157, 166, 169, 182, 189, 191, 197] 
22 : [] 
23 : [37, 57, 64, 75, 109, 119, 134, 136, 154, 158, 159, 168, 170, 187] 
24 : [1, 8, 16, 27, 36, 38, 39, 40, 43, 55, 65, 79, 105, 108, 131, 146, 150, 161, 163, 188] 
25 : [] 
26 : [] 
27 : [3, 5, 7, 9, 10, 11, 15, 18, 19, 20, 30, 34, 45, 48, 56, 60, 88, 90, 112, 122, 130, 148, 153, 155, 165, 176] 
28 : [31, 46, 67, 68, 69, 71, 99, 100, 116, 118, 138, 143, 183, 186] 
29 : [] 
fitness : 35289 
