Instalações : Clientes 
0 : [0, 3, 16, 21, 23, 30, 37, 44, 45, 46, 54, 79, 84, 99, 119, 136, 141, 148, 152, 155, 170, 186, 194] 
1 : [] 
2 : [27, 32, 33, 39, 53, 58, 61, 66, 78, 82, 86, 92, 94, 100, 110, 111, 123, 127, 133, 143, 159, 172, 173, 175, 176] 
3 : [7, 12, 18, 19, 25, 47, 56, 63, 65, 67, 80, 93, 104, 105, 107, 112, 113, 114, 116, 120, 126, 131, 134, 144, 150, 153, 162, 187, 188, 190] 
4 : [88, 91, 140, 174, 189, 193] 
5 : [] 
6 : [] 
7 : [50, 70, 161, 165, 167] 
8 : [] 
9 : [] 
10 : [4, 15, 22, 35, 38, 81, 95, 101, 103, 106, 122, 129, 139, 156, 163, 168, 179, 181, 182, 185] 
11 : [5, 8, 9, 11, 13, 40, 48, 49, 60, 69, 72, 76, 85, 90, 97, 135, 147, 149, 171, 180] 
12 : [] 
13 : [42, 59, 77, 115, 169, 198] 
14 : [1, 64, 128, 137] 
15 : [] 
16 : [] 
17 : [6, 31, 41, 73, 145, 158, 160, 199] 
18 : [] 
19 : [] 
20 : [24, 117, 132, 138, 154, 164, 191, 195, 196] 
21 : [14, 20, 52, 55, 68, 83, 108, 130, 177] 
22 : [10, 17, 29, 34, 36, 43, 51, 57, 62, 71, 87, 96, 98, 118, 121, 124, 142, 146, 151, 157, 166, 178, 183, 184, 197] 
23 : [2, 26, 28, 74, 75, 89, 102, 109, 125, 192] 
24 : [] 
25 : [] 
26 : [] 
27 : [] 
28 : [] 
29 : [] 
fitness : 32355 
