Instalações : Clientes 
0 : [44, 60, 67, 130] 
1 : [] 
2 : [] 
3 : [] 
4 : [4] 
5 : [0, 50, 53, 61, 72, 89, 100, 111, 116, 117, 118, 119, 120, 132, 147, 149] 
6 : [] 
7 : [] 
8 : [] 
9 : [] 
10 : [] 
11 : [5, 7, 9, 17, 19, 27, 36, 40, 41, 45, 47, 52, 64, 73, 81, 83, 86, 90, 113, 139, 140, 148] 
12 : [] 
13 : [] 
14 : [49, 59, 62, 75, 77, 80, 82, 88, 102, 109, 110, 123, 135, 138, 142, 143, 144] 
15 : [] 
16 : [] 
17 : [56] 
18 : [] 
19 : [3, 11, 12, 13, 15, 16, 26, 54, 55, 70, 71, 85, 96, 104, 112, 141] 
20 : [] 
21 : [10, 22, 29, 38, 57, 95, 97, 98, 115, 133] 
22 : [] 
23 : [] 
24 : [] 
25 : [1, 2, 6, 20, 25, 31, 34, 35, 39, 58, 63, 65, 74, 91, 92, 93, 94, 101, 103, 107, 108, 114, 122, 124, 126, 137, 146] 
26 : [] 
27 : [21, 23, 32, 43, 46, 48, 51, 84, 87, 106, 121, 125, 128, 131, 134, 145] 
28 : [] 
29 : [8, 14, 18, 24, 28, 30, 33, 37, 42, 66, 68, 69, 76, 78, 79, 99, 105, 127, 129, 136] 
fitness : 23323 
