Instalações : Clientes 
0 : [1, 5, 11, 23, 25, 33, 81] 
1 : [] 
2 : [0, 17, 29, 32, 41, 59, 70, 86] 
3 : [] 
4 : [15, 27, 58, 64] 
5 : [] 
6 : [3] 
7 : [] 
8 : [7, 8, 16, 39, 40, 44, 45, 66, 68, 78] 
9 : [20, 76, 79] 
10 : [] 
11 : [] 
12 : [9, 24, 53, 56, 73] 
13 : [6, 22, 36, 82] 
14 : [] 
15 : [4, 12, 57] 
16 : [] 
17 : [31, 42, 85] 
18 : [] 
19 : [] 
20 : [] 
21 : [21, 28, 30, 37, 43, 55, 65, 75] 
22 : [] 
23 : [13, 35, 38, 60, 87] 
24 : [18, 19, 26, 50, 54, 62, 69, 77] 
25 : [10, 14, 52, 61, 74, 88] 
26 : [] 
27 : [2, 34, 46, 47, 51, 63, 71, 83, 89] 
28 : [48, 49, 67, 72, 80, 84] 
29 : [] 
fitness : 88659 
