Instalações : Clientes 
0 : [179, 198] 
1 : [118, 121, 133, 159, 165, 173, 174] 
2 : [] 
3 : [] 
4 : [0, 5, 7, 8, 9, 10, 11, 12, 13, 14, 15, 16, 17, 18, 19, 20, 22, 23, 26, 28, 29, 30, 31, 32, 33, 34, 36, 37, 39, 40, 43, 44, 46, 47, 48, 49, 52, 53, 54, 56, 57, 58, 61, 62, 63, 64, 66, 67, 69, 71, 72, 73, 74, 75, 76, 78, 79, 80, 81, 83, 84, 87, 89, 90, 91, 95, 96, 98, 99, 100, 103, 104, 106, 107, 108, 109, 111, 115, 116, 122, 124, 126, 127, 129, 135, 138, 139, 140, 142, 143, 144, 145, 148, 150, 153, 154, 156, 158, 164, 167, 169, 175, 176, 182, 183, 184, 187, 190, 192, 193, 194, 199] 
5 : [3, 6, 21, 24, 27, 38, 41, 45, 51, 55, 59, 60, 65, 68, 70, 77, 82, 93, 94, 102, 105, 114, 117, 125, 128, 157, 168] 
6 : [] 
7 : [] 
8 : [147, 195] 
9 : [] 
10 : [] 
11 : [] 
12 : [1, 2, 4, 35, 110, 113, 137, 149, 151, 155, 160, 161, 162, 170, 180, 196] 
13 : [131, 197] 
14 : [] 
15 : [] 
16 : [] 
17 : [] 
18 : [] 
19 : [50] 
20 : [92, 186] 
21 : [] 
22 : [] 
23 : [] 
24 : [163] 
25 : [] 
26 : [42, 85, 86, 88, 97, 101, 112, 119, 120, 123, 130, 132, 134, 136, 141, 146, 152, 166, 177, 178, 185, 188, 189, 191] 
27 : [] 
28 : [] 
29 : [25, 171, 172, 181] 
fitness : 30617 
