Instalações : Clientes 
0 : [1, 7, 18, 19, 31, 33, 37, 40, 60, 64, 65, 66, 67, 72, 73, 79, 103, 107, 114, 120, 130, 140] 
1 : [] 
2 : [3, 21, 63, 86, 90, 92, 101, 112, 136, 148] 
3 : [10, 22, 23, 38, 57, 125, 129] 
4 : [] 
5 : [5, 27, 36, 42, 44, 53, 61, 74, 91, 95, 116, 117, 118, 119, 126, 132, 147, 149] 
6 : [] 
7 : [28, 29, 30, 48, 50, 58, 69, 81, 89, 93, 98, 127, 137] 
8 : [4, 11, 13, 25, 32, 34, 35, 47, 49, 54, 55, 62, 70, 71, 75, 77, 80, 82, 99, 109, 121, 123, 134, 138, 141, 142, 144] 
9 : [] 
10 : [] 
11 : [113, 146] 
12 : [] 
13 : [] 
14 : [0, 2, 12, 15, 16, 20, 39, 41, 43, 45, 52, 56, 59, 78, 88, 96, 100, 102, 108, 124, 135, 143] 
15 : [] 
16 : [] 
17 : [9, 17, 83, 85, 94, 105, 110, 122, 128, 139, 145] 
18 : [] 
19 : [6, 8, 14, 24, 26, 46, 51, 68, 76, 84, 87, 97, 104, 106, 111, 115, 131, 133] 
20 : [] 
21 : [] 
22 : [] 
23 : [] 
24 : [] 
25 : [] 
26 : [] 
27 : [] 
28 : [] 
29 : [] 
fitness : 16935 
