Instalações : Clientes 
0 : [] 
1 : [0, 67, 75, 81, 86, 113, 115, 118, 189] 
2 : [6, 11, 17, 32, 45, 53, 66, 78, 79, 107, 117, 119, 129, 130, 144, 150, 152, 155] 
3 : [38, 68, 71, 91, 120, 126, 157, 171, 194] 
4 : [] 
5 : [] 
6 : [] 
7 : [] 
8 : [] 
9 : [] 
10 : [] 
11 : [] 
12 : [] 
13 : [] 
14 : [] 
15 : [] 
16 : [2, 5, 26, 47, 143, 156, 158, 180, 196] 
17 : [] 
18 : [] 
19 : [] 
20 : [23, 40, 52, 63, 65, 100, 103, 109, 116, 142, 153, 154, 165, 177, 188] 
21 : [] 
22 : [] 
23 : [54, 76, 82, 87, 89, 94, 131, 132, 134, 160, 163, 164, 172, 173, 193] 
24 : [3, 16, 18, 34, 48, 55, 74, 83, 85, 102, 112, 140, 174] 
25 : [] 
26 : [14, 15, 19, 30, 37, 43, 61, 95, 108, 127, 149, 167, 195] 
27 : [8, 9, 33, 39, 44, 50, 58, 93, 106, 138, 166, 169, 184, 197] 
28 : [1, 49, 111, 121, 125, 128, 135, 139, 145, 147, 148, 162, 183] 
29 : [] 
30 : [] 
31 : [] 
32 : [] 
33 : [] 
34 : [] 
35 : [] 
36 : [7, 10, 13, 21, 28, 36, 41, 57, 59, 159, 168, 170] 
37 : [22, 29] 
38 : [12, 151, 190] 
39 : [] 
40 : [] 
41 : [] 
42 : [] 
43 : [] 
44 : [4, 25, 27, 35, 42, 69, 70, 97, 101, 122, 136, 141, 161, 175, 176, 182, 187, 192, 198, 199] 
45 : [] 
46 : [] 
47 : [] 
48 : [] 
49 : [] 
50 : [31, 60, 73, 84, 88, 98, 181] 
51 : [] 
52 : [46, 56, 77, 90, 92, 104, 105, 124, 137, 146, 186, 191] 
53 : [20, 24, 51, 62, 64, 72, 80, 96, 99, 110, 114, 123, 133, 179] 
54 : [] 
55 : [] 
56 : [] 
57 : [178, 185] 
58 : [] 
59 : [] 
fitness : 33957 
