Instalações : Clientes 
0 : [] 
1 : [] 
2 : [] 
3 : [] 
4 : [4, 10, 11, 15, 16, 17, 18, 19, 20, 21, 22, 23, 24, 25, 26, 27, 28, 29, 30, 33, 34, 37, 38, 39, 40, 41, 44, 45, 46, 48, 49] 
5 : [] 
6 : [] 
7 : [] 
8 : [] 
9 : [] 
10 : [] 
11 : [] 
12 : [] 
13 : [51, 52, 53, 54, 55, 57] 
14 : [] 
15 : [] 
16 : [] 
17 : [61, 62, 63, 64, 65, 66, 67, 68, 69, 70, 71, 72] 
18 : [] 
19 : [0, 1, 2, 3, 5, 6, 7, 8, 9, 12, 13, 14, 31, 32, 35, 36, 42, 43, 47, 50, 56, 58, 59, 60, 73, 74, 75, 76, 77, 78, 79] 
fitness : 7475 
