Instalações : Clientes 
0 : [] 
1 : [] 
2 : [] 
3 : [] 
4 : [] 
5 : [161] 
6 : [23, 45, 107, 130, 144, 152, 191] 
7 : [] 
8 : [] 
9 : [] 
10 : [] 
11 : [] 
12 : [] 
13 : [] 
14 : [] 
15 : [] 
16 : [2, 10, 14, 18, 39, 40, 48, 52, 54, 60, 74, 88, 106, 112, 138, 151, 158, 182, 196, 197] 
17 : [] 
18 : [] 
19 : [] 
20 : [68, 83, 85, 92, 100, 103, 115, 116, 117, 142, 153, 154, 157, 165, 177, 185] 
21 : [] 
22 : [77, 124, 129, 169, 186] 
23 : [] 
24 : [] 
25 : [1, 55, 73, 87, 98, 110, 131, 135, 139, 145, 164, 183, 187, 195] 
26 : [26, 76, 89, 108, 111, 125, 134, 160, 162, 167, 175, 193] 
27 : [] 
28 : [] 
29 : [] 
30 : [5, 6, 12, 13, 28, 31, 53, 97, 114, 122, 133, 146, 170] 
31 : [] 
32 : [] 
33 : [118, 121, 127, 149, 163, 184] 
34 : [25, 44, 64, 101, 166, 168, 192] 
35 : [] 
36 : [9, 11, 15, 21, 32, 33, 46, 50, 59, 66, 78, 90, 104, 105, 137, 150] 
37 : [] 
38 : [] 
39 : [] 
40 : [16, 38, 43, 58, 65, 71, 75, 81, 86, 95, 109, 120, 156, 171, 188] 
41 : [] 
42 : [] 
43 : [34, 56, 67, 91, 102, 113, 126, 132, 140, 194] 
44 : [7, 8, 24, 27, 35, 41, 57, 69, 79, 84, 136, 141, 143, 155, 159, 176, 181, 198] 
45 : [] 
46 : [] 
47 : [0, 30, 37, 47, 61, 82, 94, 147, 148, 173, 180] 
48 : [] 
49 : [] 
50 : [] 
51 : [] 
52 : [] 
53 : [4, 20, 49, 51, 62, 72, 80, 96, 99, 119, 123, 128, 179, 199] 
54 : [3, 17, 19, 22, 29, 36, 42, 63, 70, 93, 172, 174, 178, 189, 190] 
55 : [] 
56 : [] 
57 : [] 
58 : [] 
59 : [] 
fitness : 33711 
