Instalações : Clientes 
0 : [] 
1 : [] 
2 : [] 
3 : [] 
4 : [0, 150, 155] 
5 : [] 
6 : [] 
7 : [] 
8 : [5, 14, 20, 25, 49, 80, 98, 110, 123, 125, 128, 131, 139, 145] 
9 : [15, 26, 48, 55, 130, 189, 191] 
10 : [] 
11 : [] 
12 : [] 
13 : [9, 22, 28, 32, 44, 69, 77, 79, 105, 166, 186] 
14 : [] 
15 : [] 
16 : [6, 10, 27, 34, 42, 47, 59, 85, 106, 141, 143, 151, 156, 158, 175, 198] 
17 : [] 
18 : [] 
19 : [] 
20 : [18, 23, 39, 40, 52, 63, 103, 109, 127, 142, 154, 165, 178, 185, 194] 
21 : [] 
22 : [] 
23 : [87, 149, 160, 162, 193, 195] 
24 : [16, 54, 76, 83, 86, 88, 89, 102, 111, 112, 115, 118, 140, 167] 
25 : [] 
26 : [] 
27 : [] 
28 : [] 
29 : [] 
30 : [] 
31 : [] 
32 : [17] 
33 : [] 
34 : [8, 12, 13, 31, 57, 101, 122, 168, 170, 183] 
35 : [] 
36 : [7, 29, 33, 46, 56, 66, 90, 92, 93, 104, 107, 124, 129, 137, 138, 146, 182, 197] 
37 : [] 
38 : [] 
39 : [73, 147, 164] 
40 : [38, 43, 65, 75, 100, 116, 126, 132, 153, 157, 163, 171] 
41 : [] 
42 : [] 
43 : [] 
44 : [4, 21, 41, 45, 62, 72, 99, 113, 114, 133, 136, 173, 176, 180, 187, 190, 192, 199] 
45 : [] 
46 : [51, 64, 70, 96, 97, 119, 161, 179] 
47 : [19, 24, 30, 82, 84, 94, 95, 108, 135, 148] 
48 : [68, 71, 81, 91, 120, 188] 
49 : [] 
50 : [35, 60, 134, 159, 181] 
51 : [] 
52 : [] 
53 : [] 
54 : [1, 3, 11, 36, 50, 58, 144, 152, 169, 172, 174, 177, 196] 
55 : [2, 37, 53, 61, 67, 74, 78, 117, 121, 184] 
56 : [] 
57 : [] 
58 : [] 
59 : [] 
fitness : 35471 
