Instalações : Clientes 
0 : [0, 1, 2, 3, 5, 6, 7, 8, 9, 31, 34, 42, 55, 56, 61, 62, 63, 64, 65, 66, 67, 68, 69, 70, 71, 72, 77, 79] 
1 : [] 
2 : [] 
3 : [] 
4 : [4, 10, 12, 13, 14, 15, 16, 17, 18, 19, 20, 21, 22, 23, 24, 25, 26, 27, 28, 29, 30, 32, 33, 38, 39, 60] 
5 : [] 
6 : [] 
7 : [] 
8 : [35, 36, 37, 40, 45, 47] 
9 : [] 
10 : [] 
11 : [] 
12 : [43, 53, 54, 57, 58] 
13 : [11, 41, 44, 46, 48, 49, 50, 51, 52, 59, 73] 
14 : [] 
15 : [] 
16 : [74, 75, 76, 78] 
17 : [] 
18 : [] 
19 : [] 
fitness : 7338 
