Instalações : Clientes 
0 : [] 
1 : [] 
2 : [] 
3 : [0, 22, 31, 51, 55, 60, 72, 103, 113, 131, 153, 164, 177, 180, 195] 
4 : [24, 39, 74, 83, 89, 94, 140, 188] 
5 : [] 
6 : [] 
7 : [] 
8 : [] 
9 : [] 
10 : [] 
11 : [] 
12 : [] 
13 : [6, 11, 12, 17, 21, 27, 42, 49, 98, 111, 151, 155, 196] 
14 : [] 
15 : [] 
16 : [] 
17 : [] 
18 : [] 
19 : [] 
20 : [] 
21 : [2, 10, 13, 34, 48, 61, 62, 67, 68, 78, 90, 95, 107, 124, 168, 191, 197] 
22 : [9, 152, 170] 
23 : [] 
24 : [] 
25 : [1, 23, 28, 43, 52, 53, 57, 58, 63, 86, 96, 101, 102, 109, 116, 162, 183, 187, 198] 
26 : [] 
27 : [] 
28 : [8, 33, 45, 59, 65, 69, 73, 82, 87, 88, 99, 105, 114, 115, 128, 136, 139, 163, 175, 199] 
29 : [15, 19, 25, 41, 44, 76, 80, 84, 104, 125, 130, 144, 147, 174] 
30 : [46, 93, 137, 142, 145, 150] 
31 : [] 
32 : [] 
33 : [] 
34 : [] 
35 : [] 
36 : [4, 7, 35, 36, 37, 56, 66, 79, 129, 143, 166, 172, 173, 178, 184] 
37 : [] 
38 : [70, 92, 100, 110, 117, 120, 123, 134, 146, 165, 181] 
39 : [5, 14, 20, 50, 54, 118, 127, 141, 156, 157, 158, 159, 167, 171, 179, 182, 185, 189] 
40 : [] 
41 : [3, 29, 30, 32, 38, 47, 81, 91, 97, 108, 119, 121, 126, 132, 133, 135, 161, 169] 
42 : [] 
43 : [] 
44 : [26, 64, 75, 85, 138, 176, 193] 
45 : [] 
46 : [] 
47 : [16, 18, 40, 71, 77, 106, 112, 122, 148, 149, 154, 160, 186, 190, 192, 194] 
48 : [] 
49 : [] 
50 : [] 
51 : [] 
52 : [] 
53 : [] 
54 : [] 
55 : [] 
56 : [] 
57 : [] 
58 : [] 
59 : [] 
fitness : 33032 
