Instalações : Clientes 
0 : [] 
1 : [] 
2 : [] 
3 : [0, 8, 31, 32, 45, 47, 77, 88, 107, 113, 119, 146, 149, 153, 168] 
4 : [] 
5 : [] 
6 : [55, 85, 99, 105, 128] 
7 : [] 
8 : [30, 34, 41, 79, 93, 103, 112, 140, 141, 148, 177, 179, 195, 197] 
9 : [] 
10 : [] 
11 : [] 
12 : [] 
13 : [] 
14 : [] 
15 : [] 
16 : [] 
17 : [] 
18 : [] 
19 : [] 
20 : [37, 43, 58, 84, 90, 102, 109, 129, 166, 172, 173, 184] 
21 : [48, 53, 57, 61, 62, 68, 70, 76, 80, 92, 95, 110, 116, 125, 144, 147, 174, 183, 188, 192, 198] 
22 : [170, 186] 
23 : [] 
24 : [] 
25 : [] 
26 : [7, 26, 28, 35, 36, 56, 75, 96, 98, 133, 143, 150, 167, 185, 196] 
27 : [] 
28 : [] 
29 : [] 
30 : [] 
31 : [] 
32 : [] 
33 : [] 
34 : [20, 23, 52, 60, 63, 64, 83, 91, 104, 145, 159, 187] 
35 : [] 
36 : [] 
37 : [] 
38 : [] 
39 : [6, 9, 15, 21, 22, 33, 38, 42, 46, 54, 73, 108, 111, 127, 156, 176] 
40 : [4, 11, 19, 25, 39, 49, 66, 86, 101, 151, 155, 171] 
41 : [29, 50, 51, 59, 65, 67, 81, 82, 87, 97, 126, 131, 132, 136, 139, 163, 169, 180] 
42 : [] 
43 : [17, 135, 157, 161] 
44 : [] 
45 : [] 
46 : [] 
47 : [13, 69, 71, 78, 106, 115, 117, 121, 122, 123, 124, 130, 160, 175, 190] 
48 : [] 
49 : [] 
50 : [] 
51 : [] 
52 : [] 
53 : [] 
54 : [114, 118, 138, 178, 199] 
55 : [] 
56 : [] 
57 : [16, 18, 24, 40, 72, 74, 89, 94, 100, 120, 134, 152, 154, 162, 164, 165, 181, 191, 194] 
58 : [] 
59 : [1, 2, 3, 5, 10, 12, 14, 27, 44, 137, 142, 158, 182, 189, 193] 
fitness : 33401 
