Instalações : Clientes 
0 : [6, 75, 86, 94, 103, 141, 159, 183] 
1 : [] 
2 : [11, 26, 39, 79, 100, 109, 147, 161, 178, 186, 189] 
3 : [9, 16, 18, 27, 28, 33, 34, 46, 56, 62, 68, 77, 95, 102, 122, 127, 151, 157, 170, 180, 195] 
4 : [] 
5 : [] 
6 : [] 
7 : [] 
8 : [] 
9 : [] 
10 : [4, 5, 22, 30, 31, 44, 51, 52, 64, 67, 74, 81, 82, 107, 108, 131, 173, 179, 188, 191, 192] 
11 : [] 
12 : [3, 48, 116] 
13 : [1, 35, 42, 85, 92, 93, 120, 124, 136, 142, 155, 181, 185, 199] 
14 : [] 
15 : [0, 10, 14, 21, 54, 63, 83, 128, 144, 156, 164, 174, 175, 197] 
16 : [] 
17 : [55, 113, 123, 130, 134, 154, 160, 177, 193, 198] 
18 : [87, 163] 
19 : [] 
20 : [] 
21 : [] 
22 : [] 
23 : [2, 7, 24, 25, 32, 37, 40, 89, 98, 105, 110, 117, 118, 126, 138, 139, 143, 165, 172] 
24 : [] 
25 : [12, 13, 47, 59, 61, 88, 101, 137, 169, 171, 176] 
26 : [8, 15, 29, 36, 50, 57, 58, 70, 73, 76, 90, 96, 97, 99, 106, 111, 112, 115, 129, 146, 150, 152, 166, 184, 190] 
27 : [17, 23, 38, 41, 43, 45, 53, 69, 72, 80, 84, 119, 133, 145, 153, 162, 167] 
28 : [49, 65, 66, 78, 91, 114, 121, 125, 148, 158, 168, 182, 194] 
29 : [19, 20, 60, 71, 104, 132, 135, 140, 149, 187, 196] 
fitness : 34788 
