Instalações : Clientes 
0 : [0, 19, 23, 33, 37, 45, 46, 53, 66, 73, 74, 82, 84, 86, 91, 94, 99, 100, 110, 119, 134, 141, 148, 175, 193] 
1 : [] 
2 : [16, 27, 32, 39, 58, 78, 79, 81, 92, 103, 123, 127, 128, 143, 155, 161, 165, 173, 176, 181, 188] 
3 : [3, 4, 5, 8, 18, 41, 47, 63, 65, 80, 90, 104, 105, 118, 120, 122, 138, 146, 149, 153, 154, 164, 179, 182, 185, 187, 191] 
4 : [30, 44, 64, 125, 170, 172, 174, 189] 
5 : [] 
6 : [26, 195, 196] 
7 : [] 
8 : [] 
9 : [] 
10 : [12, 24, 31, 49, 57, 69, 70, 71, 106, 116, 121, 124, 129, 142, 157, 163, 180, 190] 
11 : [9, 10, 17, 22, 35, 40, 43, 51, 96, 97, 117, 145, 147, 158, 160, 166, 168, 178, 197] 
12 : [] 
13 : [] 
14 : [1, 13, 38, 85, 93, 133, 152, 192] 
15 : [] 
16 : [] 
17 : [6, 60, 62, 87, 89, 102, 151, 171, 183, 184] 
18 : [] 
19 : [] 
20 : [] 
21 : [15, 20, 42, 48, 59, 67, 68, 77, 167, 177] 
22 : [] 
23 : [28, 36, 75, 76, 95, 107, 112, 113, 114, 132, 135, 139, 199] 
24 : [] 
25 : [] 
26 : [7, 52, 55, 61, 108, 111, 131, 159] 
27 : [] 
28 : [2, 21, 25, 29, 34, 54, 56, 72, 88, 98, 101, 109, 126, 136, 137, 140, 162, 186, 194] 
29 : [11, 14, 50, 83, 115, 130, 144, 150, 156, 169, 198] 
fitness : 31361 
