Instalações : Clientes 
0 : [] 
1 : [] 
2 : [] 
3 : [] 
4 : [29, 32, 33, 52, 53, 54, 56, 59, 64, 67, 71, 73, 76, 78, 83, 85, 91, 92, 96, 104, 111, 131, 135, 142, 145, 163, 167, 177, 178, 180, 193] 
5 : [] 
6 : [] 
7 : [] 
8 : [18, 75, 79, 81, 88, 99, 107, 119, 124, 127, 138, 152, 187] 
9 : [41, 65, 68, 74, 80, 95, 105, 110, 160, 162, 189, 196, 197] 
10 : [45, 93] 
11 : [] 
12 : [19, 22, 24, 47, 55, 60, 61, 84, 90, 94, 101, 103, 108, 113, 115, 128, 129, 136, 151, 153, 156, 171, 172, 173, 175, 176] 
13 : [114, 116, 117, 118, 120, 121, 125, 157, 168] 
14 : [0, 14, 15, 20, 25, 42, 43, 62, 66, 70, 77, 102, 123, 134, 155, 161, 169, 181, 195] 
15 : [31, 106, 109, 126, 139, 146, 147, 148, 154, 179, 182, 183, 184, 186, 188, 190, 191, 192, 194] 
16 : [] 
17 : [] 
18 : [122, 132, 133, 143, 158, 159, 164, 165, 199] 
19 : [] 
20 : [] 
21 : [3, 5, 6, 8, 10, 12, 13, 16, 21, 23, 28, 34, 35, 36, 38, 39, 46, 57, 69, 72, 82, 86, 97, 100, 112, 137, 140, 149, 166, 170] 
22 : [174] 
23 : [] 
24 : [130, 198] 
25 : [] 
26 : [1, 2, 4, 7, 9, 11, 17, 26, 27, 30, 37, 40, 44, 48, 49, 50, 51, 58, 63, 87, 89, 98, 141, 144, 150, 185] 
27 : [] 
28 : [] 
29 : [] 
fitness : 32463 
