Instalações : Clientes 
0 : [] 
1 : [] 
2 : [] 
3 : [0, 24, 29, 59, 106, 113, 126, 146, 148, 152, 160, 190] 
4 : [13, 71, 82, 107, 122, 131, 153, 197] 
5 : [119, 179, 189] 
6 : [] 
7 : [] 
8 : [] 
9 : [] 
10 : [] 
11 : [] 
12 : [] 
13 : [] 
14 : [] 
15 : [] 
16 : [] 
17 : [] 
18 : [] 
19 : [] 
20 : [2, 28, 36, 41, 52, 58, 61, 64, 67, 76, 95, 101, 166, 174, 176, 183, 185] 
21 : [44, 48, 68, 72, 74, 80, 83, 90, 92, 94, 116, 117, 123, 147, 165, 168, 175, 186, 188, 191, 192] 
22 : [] 
23 : [] 
24 : [] 
25 : [] 
26 : [] 
27 : [] 
28 : [] 
29 : [] 
30 : [10, 20, 124, 137, 144, 195, 198] 
31 : [40, 99, 100, 130, 170] 
32 : [23, 37, 39, 43, 53, 56, 57, 84, 102, 110, 129, 162, 172, 173, 184] 
33 : [] 
34 : [4, 16, 25, 46, 63, 79, 86, 104, 112, 121, 140, 159] 
35 : [] 
36 : [] 
37 : [9, 18, 69, 114, 194] 
38 : [] 
39 : [14, 21, 26, 27, 62, 103, 118, 127, 133, 135, 138, 141, 149, 157, 199] 
40 : [5, 8, 11, 12, 33, 38, 49, 66, 91, 96, 145, 150, 171, 187, 193] 
41 : [1, 6, 30, 31, 32, 45, 51, 88, 97, 105, 128, 132, 139, 161, 163, 164] 
42 : [] 
43 : [] 
44 : [] 
45 : [] 
46 : [17, 42, 50, 85, 98, 155, 178] 
47 : [] 
48 : [] 
49 : [] 
50 : [] 
51 : [] 
52 : [] 
53 : [] 
54 : [] 
55 : [55, 65, 87, 108, 136, 169, 180] 
56 : [3, 22, 34, 77, 78, 89, 93, 120, 125, 134, 154, 177, 181] 
57 : [] 
58 : [] 
59 : [7, 15, 19, 35, 47, 54, 60, 70, 73, 75, 81, 109, 111, 115, 142, 143, 151, 156, 158, 167, 182, 196] 
fitness : 35327 
