Instalações : Clientes 
0 : [13, 18, 22, 23, 27, 40, 59, 69, 74, 77, 81, 99, 114, 115, 130, 131, 136, 153, 163, 164, 170] 
1 : [] 
2 : [] 
3 : [] 
4 : [] 
5 : [] 
6 : [] 
7 : [] 
8 : [] 
9 : [] 
10 : [] 
11 : [] 
12 : [87, 94] 
13 : [] 
14 : [] 
15 : [] 
16 : [] 
17 : [] 
18 : [95, 102, 104, 110, 124, 197, 198] 
19 : [9, 71, 72, 78, 89, 107, 121, 148, 149, 152, 188, 190, 194] 
20 : [] 
21 : [62, 80, 92, 100, 117, 120, 122, 123, 134, 168, 174, 181, 183, 186, 191] 
22 : [] 
23 : [] 
24 : [] 
25 : [] 
26 : [] 
27 : [67, 79, 83, 93, 97, 103, 112, 140, 146, 159, 177, 179, 195] 
28 : [1, 6, 32, 47, 51, 55, 65, 82, 88, 105, 106, 128, 132, 139, 154, 160, 161, 165, 169, 175, 199] 
29 : [] 
30 : [] 
31 : [] 
32 : [0, 24, 25, 28, 36, 76, 84, 109, 125, 129, 166, 187] 
33 : [] 
34 : [] 
35 : [] 
36 : [43, 53, 56, 58, 63, 66, 96, 145, 172, 173, 184] 
37 : [] 
38 : [] 
39 : [2, 4, 5, 7, 17, 29, 30, 31, 33, 38, 41, 42, 44, 46, 50, 52, 54, 60, 61, 75, 127, 155, 156] 
40 : [39, 49, 70, 98, 101, 111, 143, 151, 167, 171, 182, 193, 196] 
41 : [] 
42 : [48, 57, 116, 144, 147, 162, 192] 
43 : [] 
44 : [] 
45 : [] 
46 : [] 
47 : [] 
48 : [] 
49 : [] 
50 : [37, 73, 108, 113, 119, 126, 133, 135, 180] 
51 : [] 
52 : [] 
53 : [] 
54 : [3, 8, 35, 91, 118, 138, 141, 157, 176] 
55 : [] 
56 : [] 
57 : [] 
58 : [] 
59 : [10, 11, 12, 14, 15, 16, 19, 20, 21, 26, 34, 45, 64, 68, 85, 86, 90, 137, 142, 150, 158, 178, 185, 189] 
fitness : 32808 
