Instalações : Clientes 
0 : [] 
1 : [] 
2 : [] 
3 : [0, 30, 57, 70, 78, 82, 105, 107, 122, 125, 127, 142, 145, 151, 153, 155, 164, 176, 178, 180] 
4 : [] 
5 : [10, 28, 49, 71, 75, 92, 106, 109, 149, 166, 187, 192, 193, 195] 
6 : [] 
7 : [] 
8 : [] 
9 : [] 
10 : [] 
11 : [] 
12 : [8, 9, 41, 46, 52, 56, 59, 67, 69, 93, 148, 170, 196] 
13 : [5, 6, 12, 16, 20, 22, 23, 25, 27, 32, 37, 62, 68, 74, 76, 80, 81, 94, 114, 132, 134, 168, 188] 
14 : [] 
15 : [] 
16 : [] 
17 : [] 
18 : [140] 
19 : [] 
20 : [13, 83, 115, 126, 138, 143, 165, 186, 189] 
21 : [] 
22 : [] 
23 : [] 
24 : [] 
25 : [] 
26 : [2, 21, 36, 40, 43, 50, 54, 72, 77, 85, 90, 91, 97, 101, 124, 135, 136, 173, 181, 184, 199] 
27 : [] 
28 : [4, 15, 39, 51, 60, 65, 86, 87, 102, 104, 113, 152, 154, 162, 163, 175, 183, 190, 194] 
29 : [] 
30 : [19, 29, 35, 44, 55, 64, 66, 79, 84, 95, 98, 103, 112, 116, 131, 141, 171, 179, 182, 198] 
31 : [] 
32 : [] 
33 : [] 
34 : [] 
35 : [] 
36 : [] 
37 : [] 
38 : [] 
39 : [] 
40 : [] 
41 : [] 
42 : [] 
43 : [] 
44 : [] 
45 : [] 
46 : [] 
47 : [] 
48 : [] 
49 : [] 
50 : [1, 3, 17, 18, 33, 47, 53, 58, 61, 73, 89, 111, 130, 144, 157] 
51 : [] 
52 : [] 
53 : [] 
54 : [] 
55 : [11, 24, 42, 45, 99, 110, 118, 119, 120, 123, 129, 137, 147, 156, 160, 169, 172, 174, 197] 
56 : [] 
57 : [7, 14, 26, 31, 34, 38, 48, 63, 96, 108, 133, 139, 150, 158, 159, 167] 
58 : [88, 100, 117, 121, 128, 146, 161, 177, 185, 191] 
59 : [] 
fitness : 32567 
