Instalações : Clientes 
0 : [0, 9, 11, 16, 17, 19, 25, 26, 60, 64, 67, 70, 73, 81, 88, 104, 108, 109, 110, 113, 114, 130, 140] 
1 : [] 
2 : [13, 15, 34, 35, 39, 47, 49, 52, 55, 56, 59, 62, 71, 75, 77, 80, 82, 86, 96, 141, 148] 
3 : [] 
4 : [2, 4, 6, 8, 12, 14, 20, 21, 22, 23, 38, 43, 46, 50, 51, 54, 57, 58, 68, 78, 84, 87, 100, 106, 121, 125, 136] 
5 : [5, 18, 31, 48, 53, 65, 72, 89, 92, 101, 103, 115, 120, 126, 128, 131, 137, 146, 147, 149] 
6 : [] 
7 : [] 
8 : [] 
9 : [] 
10 : [] 
11 : [] 
12 : [] 
13 : [] 
14 : [3, 123, 134, 135, 138, 142, 144] 
15 : [] 
16 : [] 
17 : [40, 83, 85, 90, 102, 111, 112, 124, 139, 143] 
18 : [] 
19 : [] 
20 : [] 
21 : [] 
22 : [] 
23 : [] 
24 : [7, 10, 27, 28, 29, 36, 37, 42, 44, 61, 66, 69, 74, 76, 79, 91, 97, 116, 117, 118, 119, 127, 132, 133] 
25 : [] 
26 : [] 
27 : [1, 24, 30, 32, 33, 41, 45, 63, 93, 94, 95, 98, 99, 105, 107, 122, 129, 145] 
28 : [] 
29 : [] 
fitness : 19009 
