Instalações : Clientes 
0 : [0, 129, 187] 
1 : [6, 9, 14, 35, 59, 71, 74, 87, 92, 93, 106, 125, 168, 172, 186] 
2 : [27, 28, 36, 45, 46, 95, 108, 109, 112, 130, 131, 145, 157, 191] 
3 : [20, 30, 47, 65, 101, 142, 150, 165, 181, 183, 196, 199] 
4 : [] 
5 : [] 
6 : [] 
7 : [] 
8 : [] 
9 : [5, 8, 15, 19, 25, 29, 44, 63, 97, 128, 133, 138, 144, 151, 158, 174, 192] 
10 : [85, 94, 105, 114, 115, 159, 173, 176, 198] 
11 : [] 
12 : [] 
13 : [4, 13, 16, 37, 42, 48, 55, 57, 64, 80, 96, 100, 104, 116, 117, 119, 120, 121, 132, 134, 135, 141, 152, 155, 161, 184] 
14 : [] 
15 : [102, 136, 153, 182] 
16 : [] 
17 : [22, 73, 81, 86, 88, 89, 113] 
18 : [] 
19 : [] 
20 : [1, 3, 10, 11, 12, 17, 18, 23, 24, 31, 39, 40, 52, 61, 62, 67, 72, 75, 78, 83, 98, 126, 139, 156, 164, 167] 
21 : [] 
22 : [2, 7, 33, 49, 51, 53, 66, 82, 90, 103, 137, 146, 149, 154, 163, 169, 179, 189, 190] 
23 : [] 
24 : [] 
25 : [26, 107, 160, 170, 193, 195, 197] 
26 : [56, 58, 60, 68, 69, 77, 84, 91, 110, 118, 122, 123, 143, 147, 148, 166, 171] 
27 : [79, 175, 177, 180, 185] 
28 : [] 
29 : [21, 32, 34, 38, 41, 43, 50, 54, 70, 76, 99, 111, 124, 127, 140, 162, 178, 188, 194] 
fitness : 33811 
