Instalações : Clientes 
0 : [32, 34, 36, 37, 46, 48, 49, 50, 51] 
1 : [20] 
2 : [8, 10, 11, 12, 13, 14, 15, 16, 17, 18, 27, 28, 29, 33, 35, 38] 
3 : [] 
4 : [] 
5 : [] 
6 : [] 
7 : [] 
8 : [] 
9 : [69, 78] 
10 : [54, 55, 56, 57, 58, 59] 
11 : [] 
12 : [22, 24, 25, 26] 
13 : [70, 72, 75, 77, 79, 80] 
14 : [] 
15 : [64, 66, 71, 73, 81, 82, 83, 84, 85, 86, 87, 88, 89, 90] 
16 : [] 
17 : [] 
18 : [0, 1, 2, 3, 4, 5, 6, 7, 9, 61, 62, 74, 76, 91, 92, 93, 94, 95, 96, 97, 98, 99] 
19 : [19, 21, 23, 30, 31, 39, 40, 41, 42, 43, 44, 45, 47, 52, 53, 60, 63, 65, 67, 68] 
fitness : 10788 
