Instalações : Clientes 
0 : [] 
1 : [] 
2 : [] 
3 : [] 
4 : [9, 15, 16, 17, 18, 19, 20, 21, 22, 23, 31, 33, 34, 35, 36, 39, 46, 48, 50, 51, 52, 53, 54, 57, 59] 
5 : [] 
6 : [24, 25, 26, 27, 28, 29, 30, 32, 37, 38, 40, 41, 42, 43, 44, 45, 47] 
7 : [] 
8 : [] 
9 : [] 
10 : [] 
11 : [] 
12 : [] 
13 : [] 
14 : [] 
15 : [] 
16 : [] 
17 : [56, 58, 60, 61, 62, 63, 64, 65, 66, 67, 68, 69, 70, 71, 72] 
18 : [] 
19 : [0, 1, 2, 3, 4, 5, 6, 7, 8, 10, 11, 12, 13, 14, 49, 55, 73, 74, 75, 76, 77, 78, 79] 
fitness : 7908 
