Instalações : Clientes 
0 : [] 
1 : [] 
2 : [6, 13, 39, 45, 53, 66, 70, 78, 79, 90, 93, 107, 114, 129, 144, 155, 166, 186, 191] 
3 : [] 
4 : [] 
5 : [] 
6 : [] 
7 : [] 
8 : [64, 110, 123, 128, 133, 135, 180] 
9 : [] 
10 : [] 
11 : [] 
12 : [] 
13 : [] 
14 : [] 
15 : [] 
16 : [25, 34, 37, 72, 80, 84, 85, 99, 116, 125, 143, 153, 156, 158, 169, 172, 181, 189, 190, 196] 
17 : [] 
18 : [] 
19 : [] 
20 : [] 
21 : [171, 184, 194] 
22 : [23, 42, 109, 137, 152, 178] 
23 : [15, 30, 43, 54, 75, 89, 111, 121, 134, 147, 148, 162, 163, 167, 173, 193] 
24 : [81, 86, 91, 102, 112, 115, 126, 142] 
25 : [] 
26 : [2, 10, 14, 16, 19, 48, 55, 82, 95, 139, 149, 160, 183] 
27 : [8, 9, 46, 50, 57, 58, 63, 77, 97, 100, 105, 146, 150, 154, 192, 197] 
28 : [] 
29 : [11, 17, 33, 92, 104, 117, 132] 
30 : [] 
31 : [161, 179] 
32 : [] 
33 : [] 
34 : [] 
35 : [] 
36 : [5, 12, 32, 36, 56, 59, 68, 96, 119, 122, 130, 182, 198] 
37 : [22, 29] 
38 : [] 
39 : [61, 108, 174, 195] 
40 : [] 
41 : [] 
42 : [] 
43 : [] 
44 : [4, 27, 28, 31, 35, 41, 44, 69, 101, 131, 136, 159, 168, 170, 176, 187, 199] 
45 : [40, 71, 103, 120] 
46 : [] 
47 : [] 
48 : [] 
49 : [] 
50 : [] 
51 : [0, 1, 24, 38, 49, 51, 62, 76, 94, 98, 145, 164] 
52 : [] 
53 : [] 
54 : [7, 21, 47, 60, 65, 73, 88, 106, 138, 151, 175, 188] 
55 : [] 
56 : [83, 141, 157, 185] 
57 : [] 
58 : [3, 18, 20, 26, 52, 67, 74, 87, 113, 118, 124, 127, 140, 165, 177] 
59 : [] 
fitness : 35328 
