Instalações : Clientes 
0 : [44, 48, 59, 71, 79, 94, 109, 141, 145, 173, 183, 187] 
1 : [] 
2 : [2, 31, 37, 47, 50, 61, 64, 81, 90, 100, 171, 186] 
3 : [1, 9, 16, 33, 56, 62, 68, 77, 88, 95, 102, 122, 129, 140, 148, 151, 180, 191, 195] 
4 : [8, 10, 38, 53, 69, 76, 87, 93, 133, 182, 197, 198] 
5 : [] 
6 : [] 
7 : [] 
8 : [] 
9 : [6, 20, 28, 34, 65, 84, 98, 105, 125, 127, 135, 149, 157, 158] 
10 : [3, 4, 5, 22, 24, 27, 30, 51, 67, 82, 86, 101, 108, 110, 117, 118, 139, 165] 
11 : [13, 18, 19, 21, 35, 41, 42, 46, 49, 55, 103, 104, 114, 132, 136, 153, 159, 170, 178, 185, 196, 199] 
12 : [] 
13 : [66, 78, 80, 83, 91, 107, 124, 142, 162, 164, 168, 181, 194] 
14 : [] 
15 : [0, 14, 23, 29, 36, 54, 85, 92, 97, 112, 128, 144, 155, 163, 174, 175] 
16 : [] 
17 : [] 
18 : [] 
19 : [] 
20 : [] 
21 : [] 
22 : [15, 17, 60, 96, 152, 189, 192] 
23 : [7, 25, 32, 40, 52, 57, 74, 75, 89, 126, 131, 138, 143, 147, 150, 166, 169, 172, 179, 188] 
24 : [] 
25 : [] 
26 : [26, 39, 45, 70, 99, 106, 111, 113, 115, 116, 123, 130, 134, 137, 146, 154, 160, 161, 176, 177, 184, 193] 
27 : [11, 12, 43, 58, 63, 72, 73, 119, 120, 121, 156, 167, 190] 
28 : [] 
29 : [] 
fitness : 34866 
