Instalações : Clientes 
0 : [] 
1 : [] 
2 : [] 
3 : [] 
4 : [] 
5 : [] 
6 : [0, 168, 177, 182, 185, 192] 
7 : [] 
8 : [] 
9 : [] 
10 : [] 
11 : [18, 25, 26, 34, 47, 53, 57, 58, 60, 68, 70, 81, 86, 87, 89, 111, 122, 130, 144, 153, 164] 
12 : [8, 9, 21, 44, 59, 69, 72, 104, 148, 154, 173] 
13 : [6, 7, 10, 14, 16, 20, 22, 36, 39, 43, 50, 62, 64, 71, 80, 93, 94, 106, 120, 149] 
14 : [] 
15 : [] 
16 : [] 
17 : [] 
18 : [] 
19 : [] 
20 : [] 
21 : [] 
22 : [] 
23 : [11, 99, 197] 
24 : [23, 27, 40, 41, 49, 54, 63, 83, 91, 98, 101, 116, 129, 131, 132, 140, 156, 172, 180, 184, 193, 199] 
25 : [] 
26 : [1, 2, 5, 17, 32, 52, 61, 67, 74, 77, 85, 113, 114, 117, 124, 134, 136, 157, 166, 170, 187] 
27 : [] 
28 : [3, 4, 15, 28, 46, 51, 56, 65, 90, 102, 103, 135, 152, 162, 163, 175, 183, 190, 194, 196] 
29 : [] 
30 : [19, 24, 29, 35, 42, 45, 55, 66, 79, 84, 95, 118, 119, 141, 147, 160, 171, 174, 179, 186] 
31 : [] 
32 : [] 
33 : [] 
34 : [] 
35 : [] 
36 : [] 
37 : [73, 109, 127, 145, 161, 188, 191, 195] 
38 : [] 
39 : [75, 92, 110, 112, 115, 123, 137, 165, 169, 198] 
40 : [12, 30, 33, 37, 48, 76, 78, 97, 105, 107, 139, 142, 159] 
41 : [] 
42 : [] 
43 : [] 
44 : [] 
45 : [] 
46 : [] 
47 : [] 
48 : [] 
49 : [] 
50 : [] 
51 : [] 
52 : [] 
53 : [] 
54 : [13, 88, 121, 126, 128, 138, 143] 
55 : [] 
56 : [] 
57 : [31, 38, 82, 96, 100, 108, 125, 133, 146, 150, 151, 155, 158, 167, 176, 178, 181, 189] 
58 : [] 
59 : [] 
fitness : 32728 
