Instalações : Clientes 
0 : [] 
1 : [] 
2 : [0, 11, 23, 36, 37, 50, 51, 53, 57, 79, 80, 90, 91, 95, 100, 108, 112, 156, 176] 
3 : [] 
4 : [] 
5 : [16, 44, 65, 70, 73, 74, 86, 107, 121, 134, 139, 152, 155, 157, 161, 169, 173, 197] 
6 : [12, 20, 27, 38, 76, 99, 132, 178, 188, 195] 
7 : [] 
8 : [32] 
9 : [15, 19, 25, 35, 41, 56, 68, 71, 72, 77, 93, 115, 128, 129, 133, 138, 143, 145, 158, 166, 174, 186, 187] 
10 : [] 
11 : [] 
12 : [10, 17, 39, 40, 62, 75, 83, 88, 89, 98, 141, 150, 160, 168, 183, 194, 199] 
13 : [2, 4, 7, 24, 26, 28, 30, 31, 33, 45, 46, 47, 55, 61, 64, 87, 103, 104, 120, 131, 137, 149, 154, 184, 185, 189, 193] 
14 : [78, 85, 92, 94, 102, 105, 114, 117, 118, 123, 126, 136, 147, 151, 153, 159, 164, 165, 177, 180] 
15 : [1, 14, 18, 22, 29, 81] 
16 : [] 
17 : [] 
18 : [42, 48, 58, 66, 82, 96, 109, 116, 119, 130, 135, 146, 163, 179, 190, 191] 
19 : [3, 5, 8, 9, 49, 59, 63, 69, 97, 111, 172, 182, 192, 198] 
20 : [] 
21 : [] 
22 : [] 
23 : [] 
24 : [60, 67, 84, 110, 148, 167, 171, 175, 196] 
25 : [] 
26 : [] 
27 : [122] 
28 : [] 
29 : [6, 13, 21, 34, 43, 52, 54, 101, 106, 113, 124, 125, 127, 140, 142, 144, 162, 170, 181] 
fitness : 32213 
