Instalações : Clientes 
0 : [9, 15, 19, 25, 39, 41, 52, 55, 56, 60, 67, 83, 85, 88, 123, 130, 135, 138, 139, 140, 148] 
1 : [] 
2 : [16, 47, 49, 70, 75, 82, 96, 109, 112, 144] 
3 : [] 
4 : [2, 4, 23, 121] 
5 : [5, 36, 44, 53, 61, 72, 74, 91, 116, 118, 119, 120, 126, 132, 147, 149] 
6 : [] 
7 : [73, 86] 
8 : [] 
9 : [] 
10 : [] 
11 : [3, 11, 13, 17, 26, 34, 35, 40, 45, 54, 62, 64, 71, 81, 87, 90, 92, 94, 101, 108, 110, 113, 124, 134, 141, 142, 143] 
12 : [] 
13 : [] 
14 : [102] 
15 : [] 
16 : [] 
17 : [] 
18 : [] 
19 : [0, 104] 
20 : [] 
21 : [] 
22 : [10, 24, 29, 37, 42, 43, 50, 66, 68, 69, 76, 79, 95, 117, 127, 129, 133] 
23 : [] 
24 : [] 
25 : [1, 7, 12, 14, 20, 27, 28, 31, 48, 51, 59, 63, 65, 77, 80, 84, 93, 103, 106, 107, 111, 114, 122, 128, 136, 146] 
26 : [] 
27 : [] 
28 : [] 
29 : [6, 8, 18, 21, 22, 30, 32, 33, 38, 46, 57, 58, 78, 89, 97, 98, 99, 100, 105, 115, 125, 131, 137, 145] 
fitness : 20943 
