Instalações : Clientes 
0 : [3, 5, 7, 8, 9, 10, 12, 13, 14, 21, 22, 23, 24, 27, 28, 60, 71] 
1 : [] 
2 : [] 
3 : [] 
4 : [0, 1, 4, 11, 15, 16, 17, 18, 20, 26, 32, 33, 34, 35, 36, 38, 41, 42, 43, 44, 45, 48, 49, 50, 51, 52, 53, 54] 
5 : [25, 29, 30, 37, 39, 40, 47, 58] 
6 : [] 
7 : [] 
8 : [57, 59, 62, 63] 
9 : [] 
10 : [] 
11 : [] 
12 : [] 
13 : [] 
14 : [] 
15 : [] 
16 : [] 
17 : [] 
18 : [] 
19 : [2, 6, 19, 31, 46, 55, 56, 61, 64, 65, 66, 67, 68, 69, 70, 72, 73, 74, 75, 76, 77, 78, 79] 
fitness : 8537 
