Instalações : Clientes 
0 : [] 
1 : [6, 12, 13, 16, 37, 44, 46, 64, 95, 109, 115, 119, 134, 136, 137, 158, 160, 166, 168, 170, 175] 
2 : [] 
3 : [] 
4 : [] 
5 : [4, 22, 23, 29, 33, 39, 47, 53, 66, 81, 87, 94, 101, 126, 145, 153, 156, 157, 163, 169, 180, 181, 189, 190, 197] 
6 : [91, 97, 106, 113, 123, 140, 142, 178, 184, 192, 193, 195] 
7 : [] 
8 : [] 
9 : [] 
10 : [17, 24, 36, 61, 76, 78, 100, 133, 151, 162, 171, 179, 198] 
11 : [5, 59, 62, 65, 69, 83, 89, 90, 92, 93, 99, 102, 103, 114, 116, 117, 121, 127, 130, 132, 138, 143, 144, 149, 155, 183, 186, 194] 
12 : [] 
13 : [] 
14 : [27, 41, 43, 49, 57, 60, 67, 73, 82, 118, 120, 124, 128, 129, 135, 139, 173, 185] 
15 : [] 
16 : [] 
17 : [] 
18 : [] 
19 : [1, 10, 11, 28, 30, 31, 32, 45, 48, 68, 72, 84, 86, 104, 110, 111, 167, 172, 174, 199] 
20 : [] 
21 : [] 
22 : [0, 3, 7, 8, 9, 14, 18, 21, 35, 40, 50, 51, 52, 55, 58, 70, 71, 108, 125, 131, 141, 147, 196] 
23 : [2, 54, 63, 74, 75, 77, 80, 85, 98, 122, 152, 154, 159, 164, 177, 187, 188, 191] 
24 : [] 
25 : [] 
26 : [] 
27 : [15, 19, 20, 25, 26, 34, 38, 42, 56, 79, 88, 96, 105, 107, 112, 146, 148, 150, 161, 165, 176, 182] 
28 : [] 
29 : [] 
fitness : 37618 
