Instalações : Clientes 
0 : [] 
1 : [0, 5, 14, 16, 26, 29, 53, 55, 57, 62, 95, 105, 120, 122, 128, 135, 147, 150, 151, 155, 156, 168, 178, 183, 197] 
2 : [] 
3 : [] 
4 : [] 
5 : [] 
6 : [1, 2, 3, 17, 24, 28, 35, 48, 61, 65, 91, 96, 101, 103, 126, 138, 143] 
7 : [] 
8 : [6, 9, 12, 13, 30, 32, 33, 37, 40, 46, 102, 107, 117, 131, 142, 149, 170, 172, 194, 198] 
9 : [22, 23, 56, 60, 78, 82, 84, 85, 88, 92, 127, 130, 139, 152, 154, 157, 169, 174, 177, 187, 188, 189] 
10 : [15, 39, 41, 42, 43, 66, 74, 75, 86, 99, 116, 132, 134, 137, 159, 162, 164, 173, 179, 196] 
11 : [51, 67, 69, 70, 71, 80, 104, 109, 110, 118, 119, 124, 133, 153, 186] 
12 : [] 
13 : [] 
14 : [] 
15 : [] 
16 : [] 
17 : [] 
18 : [21, 31, 44, 47, 49, 58, 72, 76, 77, 79, 83, 93, 125, 136, 161, 193, 199] 
19 : [7, 38, 45, 54, 63, 89, 97, 115, 123, 145, 148, 191] 
20 : [20, 52, 68, 160, 185, 192] 
21 : [] 
22 : [10] 
23 : [11, 146, 158, 163, 171, 175, 190] 
24 : [] 
25 : [27, 34, 50, 87, 100, 106, 111, 113, 114, 121, 140, 141, 165, 166, 181, 195] 
26 : [] 
27 : [] 
28 : [4, 8, 18, 19, 25, 36, 59, 64, 73, 81, 90, 94, 98, 108, 112, 129, 144, 167, 176, 180, 182, 184] 
29 : [] 
fitness : 31888 
