Instalações : Clientes 
0 : [47, 59, 65, 82, 87, 105, 114, 115, 128, 139, 163, 164, 169, 175] 
1 : [] 
2 : [] 
3 : [8, 16, 18, 32, 45, 62, 72, 74, 106, 113, 121, 154, 160, 168, 170, 177, 181, 199] 
4 : [] 
5 : [] 
6 : [] 
7 : [24, 77, 92, 120, 122, 152, 194] 
8 : [10, 22, 44, 67, 68, 91, 102, 112, 141, 187] 
9 : [] 
10 : [] 
11 : [] 
12 : [] 
13 : [] 
14 : [] 
15 : [] 
16 : [] 
17 : [] 
18 : [] 
19 : [] 
20 : [] 
21 : [] 
22 : [] 
23 : [] 
24 : [] 
25 : [] 
26 : [5, 12, 19, 23, 36, 56, 58, 75, 84, 143, 167, 171, 173, 174, 178] 
27 : [] 
28 : [] 
29 : [] 
30 : [] 
31 : [] 
32 : [] 
33 : [] 
34 : [7, 20, 35, 89, 104, 129, 145, 147, 159, 162, 166, 183] 
35 : [] 
36 : [] 
37 : [] 
38 : [] 
39 : [6, 14, 28, 46, 50, 54, 73, 118, 127, 142, 156, 157, 158, 176, 189] 
40 : [] 
41 : [1, 30, 31, 40, 51, 55, 69, 80, 81, 88, 97, 99, 107, 108, 126, 132, 136, 153, 161, 180] 
42 : [41, 43, 61, 76, 109, 116, 124, 172, 184] 
43 : [] 
44 : [] 
45 : [] 
46 : [] 
47 : [13, 39, 53, 70, 71, 78, 123, 140, 144, 146, 149, 190, 192, 197] 
48 : [2, 9, 15, 94, 100, 110, 117, 130, 134, 186, 191] 
49 : [] 
50 : [3, 21, 29, 63, 79, 83, 93, 103, 119, 135, 138, 179, 182, 195] 
51 : [] 
52 : [] 
53 : [0, 17, 27, 33, 38, 42, 85, 98, 133, 155] 
54 : [] 
55 : [] 
56 : [48, 52, 57, 60, 90, 95, 125, 148, 165, 185, 188, 198] 
57 : [] 
58 : [] 
59 : [4, 11, 25, 26, 34, 37, 49, 64, 66, 86, 96, 101, 111, 131, 137, 150, 151, 193, 196] 
fitness : 33633 
