Instalações : Clientes 
0 : [] 
1 : [0, 15, 22, 26, 43, 49, 76, 94, 105, 128, 135, 136, 137, 146, 157, 175, 192, 196, 197] 
2 : [] 
3 : [] 
4 : [] 
5 : [] 
6 : [3, 14, 16, 24, 34, 35, 37, 61, 81, 89, 101, 103, 112, 140, 176, 178, 191] 
7 : [] 
8 : [1, 12, 30, 33, 64, 65, 90, 102, 107, 124, 131, 147, 150, 167, 170, 182] 
9 : [] 
10 : [42, 56, 74, 75, 79, 83, 84, 86, 88, 99, 116, 132, 134, 152, 159, 162, 164, 174, 179, 183, 189] 
11 : [] 
12 : [] 
13 : [25, 52, 57, 68, 85, 87, 92, 100, 111, 126, 139, 143, 160, 169, 173, 195] 
14 : [91, 96, 97, 115, 129] 
15 : [] 
16 : [] 
17 : [163] 
18 : [5, 9, 21, 27, 31, 41, 44, 60, 66, 72, 77, 110, 130, 142, 151, 156, 168, 172, 188, 193, 199] 
19 : [] 
20 : [] 
21 : [6, 10, 11, 18, 23, 29, 40, 53, 55, 58, 62, 117, 120, 133, 187, 194] 
22 : [17, 39, 51, 67, 70, 80, 109, 118, 119, 153, 155, 184, 186] 
23 : [] 
24 : [] 
25 : [8, 50, 69, 78, 82, 106, 113, 114, 121, 127, 138, 141, 154, 165, 166, 171, 177, 181, 185, 190] 
26 : [] 
27 : [4, 7, 45, 73, 145, 148, 180] 
28 : [2, 13, 19, 20, 28, 32, 36, 38, 46, 48, 54, 59, 63, 71, 95, 98, 108, 123, 144, 149, 198] 
29 : [47, 93, 104, 122, 125, 158, 161] 
fitness : 32065 
