Instalações : Clientes 
0 : [] 
1 : [] 
2 : [2, 23, 33, 37, 49, 57, 64, 82, 96, 103, 104, 119, 131, 137, 149, 163] 
3 : [] 
4 : [] 
5 : [3, 13, 30, 65, 70, 74, 86, 105, 115, 121, 130, 134, 139, 141, 155, 157, 169, 176, 193] 
6 : [] 
7 : [] 
8 : [16, 26, 27, 36, 111, 156, 197] 
9 : [5, 14, 18, 29, 34, 41, 62, 63, 71, 76, 93, 102, 128, 133, 144, 153, 158, 186, 192] 
10 : [1, 6, 9, 31, 47, 61, 87, 117, 199] 
11 : [] 
12 : [20, 35, 43, 50, 73, 89, 101, 124, 125, 132, 140, 142, 145, 150, 168, 185, 188, 194, 198] 
13 : [4, 7, 22, 28, 42, 45, 46, 48, 51, 53, 55, 66, 90, 95, 108, 114, 116, 120, 135, 146, 152, 154, 161, 179, 184, 189, 190] 
14 : [11, 17, 32, 75, 77, 78, 80, 84, 85, 92, 122, 123, 126, 129, 136, 143, 147, 151, 174, 180, 182, 187] 
15 : [] 
16 : [68, 91, 94, 110, 118, 164, 175, 177] 
17 : [38, 81, 88, 99, 106, 127, 181] 
18 : [] 
19 : [15, 19, 21, 25, 54, 59, 72, 97, 138, 162, 178, 183] 
20 : [0, 8, 10, 12, 24, 39, 40, 52, 56, 60, 67, 69, 79, 83, 98, 148, 165, 167, 171, 191, 196] 
21 : [] 
22 : [112] 
23 : [113, 159, 166, 170, 172] 
24 : [] 
25 : [44, 58, 100, 107, 109, 160, 173, 195] 
26 : [] 
27 : [] 
28 : [] 
29 : [] 
fitness : 33253 
