Instalações : Clientes 
0 : [1, 12, 16, 19, 37, 39, 44, 46, 54, 58, 82, 84, 91, 94, 99, 103, 110, 136, 148, 172, 175, 176] 
1 : [] 
2 : [14, 27, 32, 33, 48, 53, 61, 78, 79, 86, 92, 100, 120, 127, 132, 134, 143, 155, 159, 161, 165, 188] 
3 : [3, 4, 5, 7, 13, 26, 29, 34, 36, 47, 52, 55, 63, 65, 81, 101, 104, 108, 111, 112, 122, 142, 154, 181, 185, 195, 197] 
4 : [] 
5 : [] 
6 : [] 
7 : [20, 67, 83, 116, 130, 167] 
8 : [] 
9 : [] 
10 : [11, 15, 24, 31, 70, 80, 95, 105, 106, 107, 131, 144, 145, 149, 150, 153, 168, 180, 187, 191, 198] 
11 : [6, 8, 35, 41, 43, 50, 60, 89, 97, 138, 147, 156, 158, 163, 182, 190] 
12 : [] 
13 : [] 
14 : [2, 28, 85, 90, 119, 125, 128, 133, 162, 173] 
15 : [] 
16 : [25, 30, 38, 45, 73, 102, 123, 126, 139, 170, 189, 193] 
17 : [] 
18 : [] 
19 : [] 
20 : [] 
21 : [] 
22 : [10, 17, 22, 51, 57, 77, 87, 96, 117, 118, 121, 124, 129, 146, 151, 157, 160, 164, 166, 171, 178, 183, 184] 
23 : [0, 18, 62, 74, 75, 76, 98, 114, 135, 192, 196] 
24 : [40, 42, 49, 59, 68, 69, 71, 115, 169, 177, 179] 
25 : [] 
26 : [] 
27 : [] 
28 : [9, 21, 23, 56, 64, 66, 72, 88, 93, 109, 113, 137, 140, 141, 152, 174, 186, 194, 199] 
29 : [] 
fitness : 31268 
