Instalações : Clientes 
0 : [] 
1 : [] 
2 : [27, 33, 64, 82, 95, 103, 109, 111, 112, 117, 139, 146, 156, 160] 
3 : [62, 88, 105, 126, 127, 140, 159, 162, 168, 170, 178, 186] 
4 : [] 
5 : [21, 22, 38, 43, 65, 70, 73, 74, 86, 89, 121, 142, 145, 157, 161, 169, 183, 185, 189] 
6 : [] 
7 : [] 
8 : [110] 
9 : [15, 18, 19, 25, 29, 41, 59, 72, 75, 97, 106, 124, 133, 138, 144, 158, 172, 174, 187, 192, 199] 
10 : [] 
11 : [] 
12 : [6, 9, 14, 20, 35, 54, 76, 99, 101, 113, 115, 125, 132, 134, 150, 181, 188, 194, 198] 
13 : [1, 2, 3, 4, 16, 26, 30, 34, 37, 42, 44, 46, 48, 49, 53, 55, 57, 61, 81, 90, 108, 131, 137, 141, 152, 154, 155, 173, 176, 193, 195] 
14 : [32, 50, 63, 71, 78, 92, 93, 123, 128, 129, 147, 151, 153, 180, 182] 
15 : [] 
16 : [0, 7, 85, 94, 102, 104, 107, 114, 164] 
17 : [] 
18 : [47, 51, 66, 96, 116, 119, 130, 135, 149, 163, 179, 184, 190, 191] 
19 : [] 
20 : [5, 8, 10, 11, 12, 17, 24, 39, 45, 52, 56, 58, 67, 69, 77, 80, 83, 84, 91, 98, 100, 118, 120, 143, 165, 166, 171, 175, 177, 197] 
21 : [] 
22 : [] 
23 : [] 
24 : [13, 23, 28, 31, 36, 40, 60, 68, 122, 136, 148, 167] 
25 : [] 
26 : [] 
27 : [79, 196] 
28 : [87] 
29 : [] 
fitness : 30215 
