Instalações : Clientes 
0 : [58, 60, 64, 67, 70, 73, 83, 85, 102, 112, 114, 125, 128, 130, 137, 139, 143, 147, 148] 
1 : [] 
2 : [] 
3 : [2, 4, 6, 10, 11, 12, 14, 19, 20, 21, 22, 23, 24, 30, 38, 43, 48, 50, 51, 57, 69, 78, 84, 97, 98, 108, 115, 129, 131, 133, 136] 
4 : [] 
5 : [] 
6 : [] 
7 : [81, 94, 101] 
8 : [0, 1, 3, 5, 9, 13, 15, 17, 25, 27, 28, 31, 32, 35, 47, 49, 54, 55, 75, 77, 80, 82, 88, 100, 109, 121, 123, 134, 138, 142, 144] 
9 : [] 
10 : [] 
11 : [7, 36, 37, 40, 42, 44, 53, 61, 65, 72, 74, 76, 79, 89, 93, 95, 96, 107, 113, 116, 118, 119, 120, 126, 132, 140, 149] 
12 : [] 
13 : [] 
14 : [8, 16, 18, 26, 29, 33, 34, 39, 41, 45, 46, 52, 56, 59, 62, 71, 86, 90, 92, 99, 104, 106, 110, 111, 124, 135, 141] 
15 : [] 
16 : [] 
17 : [] 
18 : [] 
19 : [] 
20 : [] 
21 : [] 
22 : [] 
23 : [] 
24 : [] 
25 : [] 
26 : [] 
27 : [63, 66, 68, 87, 91, 103, 105, 117, 122, 127, 145, 146] 
28 : [] 
29 : [] 
fitness : 20959 
