Instalações : Clientes 
0 : [199] 
1 : [2, 34, 38, 41, 44, 50, 62, 85, 86, 87, 97, 100, 124, 132, 142, 144, 178, 192] 
2 : [33, 37, 45, 55, 57, 64, 66, 95, 110, 111, 120, 135, 152, 169, 185, 193] 
3 : [] 
4 : [] 
5 : [] 
6 : [20, 22, 43, 88, 89, 150, 173, 189, 194, 195] 
7 : [] 
8 : [112] 
9 : [5, 6, 9, 15, 18, 29, 30, 47, 59, 63, 78, 101, 106, 133, 153, 158, 187] 
10 : [] 
11 : [] 
12 : [] 
13 : [3, 42, 46, 48, 53, 65, 70, 74, 75, 94, 103, 116, 121, 137, 141, 149, 154, 155, 157, 160, 161, 179, 184, 188] 
14 : [72, 92, 93, 105, 123, 128, 129, 139, 165, 172, 174, 177, 180, 182, 183] 
15 : [54, 71, 81, 159] 
16 : [] 
17 : [] 
18 : [] 
19 : [] 
20 : [0, 4, 7, 10, 11, 12, 16, 17, 19, 23, 24, 27, 28, 39, 60, 61, 77, 79, 83, 90, 98, 102, 117, 126, 136, 156, 164, 167, 171, 176] 
21 : [] 
22 : [26, 31, 49, 51, 58, 82, 96, 104, 108, 109, 115, 119, 146, 163, 190, 191, 196, 197] 
23 : [107, 114, 145, 170, 181] 
24 : [] 
25 : [] 
26 : [1, 25, 36, 40, 52, 56, 67, 68, 69, 80, 84, 91, 118, 122, 143, 147, 148, 151, 166, 175] 
27 : [] 
28 : [] 
29 : [8, 13, 14, 21, 32, 35, 73, 76, 99, 113, 125, 127, 130, 131, 134, 138, 140, 162, 168, 186, 198] 
fitness : 32851 
