Instalações : Clientes 
0 : [19, 34, 75, 102] 
1 : [20, 47, 50, 62, 101, 113, 115, 125, 142, 144, 168, 170, 172, 178] 
2 : [28, 37, 41, 45, 49, 58, 64, 66, 90, 104, 109, 112, 130, 137, 163] 
3 : [1, 11, 13, 30, 32, 44, 61, 88, 89, 107, 111, 164, 173, 183, 185] 
4 : [] 
5 : [3, 38, 65, 70, 73, 74, 80, 86, 99, 150, 157, 160, 161, 169, 194, 197] 
6 : [] 
7 : [] 
8 : [] 
9 : [29, 40, 59, 63, 71, 72, 85, 124, 128, 133, 138, 158, 174, 182, 186, 187] 
10 : [] 
11 : [] 
12 : [] 
13 : [4, 33, 42, 48, 51, 55, 95, 100, 117, 120, 121, 131, 134, 135, 139, 141, 145, 146, 154, 155, 189, 190, 193, 195] 
14 : [6, 14, 17, 36, 78, 92, 114, 123, 126, 129, 136, 147, 151, 153, 165, 166, 175, 177, 180, 199] 
15 : [] 
16 : [] 
17 : [] 
18 : [] 
19 : [] 
20 : [2, 10, 23, 24, 26, 27, 39, 52, 67, 79, 82, 83, 84, 91, 94, 98, 105, 110, 118, 122, 143, 156, 167, 196] 
21 : [] 
22 : [7, 16, 22, 46, 53, 57, 96, 103, 108, 116, 119, 149, 152, 176, 179, 184, 191] 
23 : [9, 93, 159, 192, 198] 
24 : [0, 8, 12, 15, 56, 60, 68, 69, 77, 148, 171] 
25 : [] 
26 : [] 
27 : [] 
28 : [31] 
29 : [5, 18, 21, 25, 35, 43, 54, 76, 81, 87, 97, 106, 127, 132, 140, 162, 181, 188] 
fitness : 32517 
