Instalações : Clientes 
0 : [] 
1 : [126, 172, 188] 
2 : [6, 9, 17, 22, 53, 56, 77, 92, 93, 104, 106, 114, 117, 130, 138, 144, 155, 191, 197] 
3 : [] 
4 : [7, 8, 28, 129, 136, 182] 
5 : [] 
6 : [] 
7 : [] 
8 : [] 
9 : [] 
10 : [] 
11 : [] 
12 : [] 
13 : [] 
14 : [] 
15 : [12, 13, 21, 45, 57, 78, 107, 137, 146, 152, 161, 166, 170, 192] 
16 : [0, 18, 29, 47, 63, 66, 79, 81, 109, 112, 113, 115, 141, 151, 156, 158, 180, 196] 
17 : [] 
18 : [] 
19 : [] 
20 : [] 
21 : [3, 103, 154] 
22 : [] 
23 : [76, 82, 87, 89, 121, 134, 149, 160, 162, 163, 173, 183, 193, 195] 
24 : [] 
25 : [] 
26 : [1, 2, 14, 16, 19, 30, 43, 54, 67, 74, 102, 118, 140, 167, 171] 
27 : [32, 33, 41, 50, 58, 59, 90, 105, 122, 133, 150, 169, 176] 
28 : [4, 5, 15, 98, 110, 111, 131, 139, 148, 175, 187, 198] 
29 : [10, 11, 39, 124, 178, 186] 
30 : [] 
31 : [] 
32 : [] 
33 : [] 
34 : [] 
35 : [] 
36 : [] 
37 : [] 
38 : [] 
39 : [] 
40 : [] 
41 : [] 
42 : [] 
43 : [38, 65, 71, 100, 116, 142, 165, 177] 
44 : [20, 31, 35, 36, 44, 49, 51, 60, 64, 69, 72, 96, 97, 101, 119, 168, 174, 179] 
45 : [120, 157, 185, 194] 
46 : [] 
47 : [24, 61, 62, 80, 84, 85, 94, 99, 108, 145, 147, 164, 199] 
48 : [] 
49 : [] 
50 : [27, 70, 86, 88, 123, 135, 184, 189, 190] 
51 : [26, 34, 37, 40, 48, 52, 55, 73, 75, 91, 95, 125, 127, 128, 132] 
52 : [] 
53 : [] 
54 : [23, 25, 42, 46, 68, 83, 143, 153, 159, 181] 
55 : [] 
56 : [] 
57 : [] 
58 : [] 
59 : [] 
fitness : 35473 
