Instalações : Clientes 
0 : [16, 23, 44, 46, 61, 64, 66, 82, 84, 85, 86, 125, 137, 140, 141, 170, 172, 174, 175, 186, 189] 
1 : [] 
2 : [25, 30, 39, 45, 54, 58, 78, 81, 91, 94, 100, 109, 110, 123, 127, 128, 152, 155, 159, 173, 176, 193, 194] 
3 : [8, 9, 21, 22, 33, 34, 37, 41, 47, 53, 56, 57, 80, 87, 88, 95, 105, 106, 113, 119, 120, 133, 142, 161, 162, 190] 
4 : [] 
5 : [] 
6 : [] 
7 : [] 
8 : [] 
9 : [] 
10 : [0, 2, 3, 13, 48, 60, 63, 65, 73, 74, 79, 102, 104, 107, 122, 130, 149, 163, 166, 168, 182, 195] 
11 : [1, 4, 5, 6, 24, 26, 31, 62, 90, 97, 112, 145, 147, 164, 180, 185, 199] 
12 : [] 
13 : [69, 124, 167, 187, 198] 
14 : [] 
15 : [10, 14, 42, 43, 49, 50, 51, 68, 70, 83, 96, 131, 156, 177, 184, 188, 197] 
16 : [] 
17 : [75, 76, 89, 98, 118, 151, 158, 160] 
18 : [] 
19 : [] 
20 : [18, 117, 132, 136, 138, 139, 153, 154, 171, 191, 196] 
21 : [] 
22 : [] 
23 : [28, 29, 36, 38, 72, 93, 101, 114, 126, 134, 135, 192] 
24 : [17, 35, 40, 59, 71, 115, 116, 121, 129, 146, 157, 169, 178, 183] 
25 : [] 
26 : [12, 19, 27, 32, 55, 92, 99, 108, 143, 148, 165, 181] 
27 : [] 
28 : [] 
29 : [7, 11, 15, 20, 52, 67, 77, 103, 111, 144, 150, 179] 
fitness : 32689 
