Instalações : Clientes 
0 : [] 
1 : [] 
2 : [] 
3 : [0, 8, 9, 16, 17, 33, 44, 65, 68, 79, 86, 94, 95, 98, 102, 105, 149, 151, 157] 
4 : [] 
5 : [] 
6 : [] 
7 : [] 
8 : [] 
9 : [1, 2, 4, 28, 42, 77, 103, 104, 122, 127, 131, 153, 183, 195] 
10 : [] 
11 : [12, 13, 14, 19, 21, 26, 35, 43, 45, 46, 54, 71, 78, 107, 125, 136, 141, 144, 148, 159, 170, 178, 180, 192, 194, 196] 
12 : [] 
13 : [11, 41, 85, 91, 92, 120, 121, 163, 167, 168, 174, 181] 
14 : [100, 137] 
15 : [] 
16 : [30, 40, 51, 58, 64, 67, 75, 81, 82, 101, 117, 126, 171, 172, 188, 191] 
17 : [] 
18 : [] 
19 : [114] 
20 : [] 
21 : [23, 29, 36, 50, 70, 73, 96, 99, 106, 112, 113, 116, 123, 130, 150, 154, 161, 173, 177, 182, 193] 
22 : [] 
23 : [3, 7, 24, 25, 61, 74, 88, 89, 109, 110, 118, 119, 139, 143, 147, 165, 166, 176, 179] 
24 : [55, 69, 80, 111, 128, 175, 198] 
25 : [] 
26 : [5, 31, 32, 37, 47, 57, 108, 115, 129, 134, 138, 146, 152, 160, 169, 184, 186, 189, 190, 199] 
27 : [10, 15, 18, 27, 38, 39, 53, 63, 76, 84, 90, 93, 97, 145, 156, 162, 164] 
28 : [49, 66, 72, 83, 87, 124, 133, 142, 155, 158, 185, 187, 197] 
29 : [6, 20, 22, 34, 48, 52, 56, 59, 60, 62, 132, 135, 140] 
fitness : 34818 
