Instalações : Clientes 
0 : [0, 52, 61, 121, 138, 165, 181, 192] 
1 : [3, 16, 19, 26, 29, 32, 65, 69, 84, 102, 106, 107, 112, 128, 136, 145, 147, 156, 158, 167, 176, 178, 182, 194] 
2 : [] 
3 : [11, 43, 57, 82, 130, 137, 139, 146, 154, 157, 159, 162, 163, 171, 173, 175, 183, 189, 196] 
4 : [] 
5 : [] 
6 : [] 
7 : [39, 56, 66, 79, 83, 116, 132, 134, 152, 174, 177, 187] 
8 : [12, 14, 18, 30, 31, 40, 46, 51, 64, 67, 80, 90, 108, 109, 119, 131, 144, 170, 184] 
9 : [] 
10 : [9, 15, 17, 22, 27, 42, 74, 75, 85, 86, 87, 99, 161, 164, 179, 188] 
11 : [] 
12 : [] 
13 : [24, 25, 50, 81, 100, 111, 126, 127, 143, 160, 195] 
14 : [] 
15 : [] 
16 : [] 
17 : [5, 41, 78, 169] 
18 : [2, 10, 21, 37, 44, 47, 53, 55, 58, 62, 76, 77, 93, 95, 120, 122, 125, 135, 142, 168, 193, 199] 
19 : [13, 23, 28, 36, 38, 45, 54, 59, 63, 89, 91, 94, 97, 110, 123, 129, 191, 198] 
20 : [] 
21 : [6, 33, 60, 70, 71, 72, 88, 104, 117, 118, 124, 133, 150, 151, 153, 155, 186] 
22 : [] 
23 : [49, 105, 166, 172, 190, 197] 
24 : [] 
25 : [8, 20, 34, 35, 48, 68, 92, 96, 98, 101, 103, 113, 114, 115, 140, 141, 149, 185] 
26 : [] 
27 : [1, 4, 7, 73, 148, 180] 
28 : [] 
29 : [] 
fitness : 32176 
