Instalações : Clientes 
0 : [3, 7, 19, 50, 56, 72, 79, 81, 87, 88, 105, 118, 127, 129, 146, 153, 165, 176, 181, 186, 188, 189, 191] 
1 : [] 
2 : [] 
3 : [4, 12, 13, 16, 37, 44, 78, 95, 109, 115, 119, 133, 134, 135, 136, 137, 152, 159, 168, 170, 185] 
4 : [] 
5 : [2, 6, 22, 26, 29, 66, 75, 77, 94, 98, 101, 107, 126, 145, 156, 157, 163, 164, 166, 175, 180, 182, 187, 190, 197] 
6 : [] 
7 : [] 
8 : [] 
9 : [] 
10 : [17, 24, 27, 46, 63, 64, 67, 68, 73, 74, 80, 85, 158, 160, 162, 173, 179, 198] 
11 : [] 
12 : [] 
13 : [] 
14 : [] 
15 : [] 
16 : [] 
17 : [52, 61, 100, 122, 124, 150, 151, 155] 
18 : [0, 8, 15, 20, 40, 58, 70, 89, 96, 103, 112, 142, 161, 194] 
19 : [1, 28, 30, 31, 32, 43, 45, 48, 86, 91, 102, 104, 106, 111, 123, 167, 172, 183, 184, 192, 193, 199] 
20 : [10, 36, 41, 49, 54, 57, 60, 76, 82, 84, 110, 120, 128, 139, 154, 171, 174, 177, 178] 
21 : [] 
22 : [] 
23 : [] 
24 : [18, 21, 23, 33, 34, 38, 39, 47, 51, 53, 108, 125, 131, 141, 147, 148, 169] 
25 : [25, 55, 59, 62, 65, 69, 83, 92, 93, 113, 114, 117, 121, 130, 132, 140, 143, 144, 149, 196] 
26 : [] 
27 : [] 
28 : [5, 9, 11, 14, 35, 42, 71, 90, 97, 99, 116, 138, 195] 
29 : [] 
fitness : 37440 
