Instalações : Clientes 
0 : [17, 23, 26, 40, 43, 46, 60, 67, 73, 81, 84, 86, 92, 97, 101, 107, 112, 130, 139, 140, 148] 
1 : [] 
2 : [] 
3 : [] 
4 : [] 
5 : [] 
6 : [] 
7 : [] 
8 : [0, 2, 4, 11, 13, 25, 32, 34, 35, 47, 54, 55, 62, 70, 71, 75, 77, 80, 82, 88, 121, 123, 124, 138, 141, 142, 144] 
9 : [] 
10 : [] 
11 : [5, 7, 19, 21, 27, 38, 53, 57, 61, 63, 64, 65, 72, 89, 94, 103, 105, 106, 113, 116, 118, 119, 120, 126, 132, 136, 147, 149] 
12 : [] 
13 : [] 
14 : [6, 8, 15, 16, 20, 39, 41, 45, 49, 51, 52, 59, 78, 96, 99, 100, 104, 108, 110, 135, 143] 
15 : [] 
16 : [] 
17 : [3, 9, 56, 58, 83, 85, 90, 102, 111] 
18 : [] 
19 : [] 
20 : [] 
21 : [] 
22 : [10, 22, 24, 29, 30, 37, 42, 66, 68, 69, 76, 79, 91, 115, 117, 127, 129, 133] 
23 : [] 
24 : [36, 44] 
25 : [1, 31, 74, 114, 146] 
26 : [] 
27 : [14, 18, 28, 33, 48, 50, 87, 93, 95, 98, 122, 125, 128, 131, 137, 145] 
28 : [12, 109, 134] 
29 : [] 
fitness : 18853 
