Instalações : Clientes 
0 : [] 
1 : [] 
2 : [16, 17, 18, 22, 24, 25, 26, 27, 28, 29, 30, 33, 35, 36, 37, 38, 74] 
3 : [] 
4 : [] 
5 : [] 
6 : [] 
7 : [42] 
8 : [0, 2, 7, 9, 10, 11, 13, 14, 15, 19, 20, 21, 23, 31, 32, 34, 39, 40, 41, 43, 44, 45, 46, 47, 48, 49, 50, 51, 52, 53, 54, 55, 56, 57, 58, 59, 60, 61, 62, 63, 64, 65, 66, 67, 68, 71, 73, 75] 
9 : [80, 82, 85, 89] 
10 : [] 
11 : [12] 
12 : [] 
13 : [] 
14 : [] 
15 : [] 
16 : [] 
17 : [] 
18 : [1, 3, 4, 5, 6, 8, 69, 70, 72, 76, 77, 78, 79, 81, 83, 84, 86, 87, 88, 90, 91, 92, 93, 94, 95, 96, 97, 98, 99] 
19 : [] 
fitness : 9089 
