Instalações : Clientes 
0 : [16, 30, 33, 39, 45, 46, 53, 58, 66, 73, 78, 82, 92, 94, 99, 110, 125, 143, 148, 155, 159, 161, 174, 176, 181] 
1 : [] 
2 : [] 
3 : [3, 4, 5, 6, 8, 11, 60, 63, 65, 74, 89, 90, 95, 103, 105, 112, 114, 117, 145, 153, 158, 164] 
4 : [] 
5 : [18, 24, 25, 26, 29, 34, 36, 75, 98, 102, 106, 113, 132, 136, 138, 154, 195, 196] 
6 : [] 
7 : [] 
8 : [] 
9 : [] 
10 : [7, 15, 31, 43, 62, 67, 68, 69, 83, 120, 147, 163, 167, 168, 179, 180, 187, 190] 
11 : [17, 35, 41, 57, 59, 87, 96, 97, 104, 121, 122, 124, 131, 135, 151, 156, 157, 160, 166, 169, 178, 183, 185] 
12 : [1, 9, 12, 28, 38, 64, 72, 119, 139, 140, 192, 194] 
13 : [] 
14 : [] 
15 : [] 
16 : [] 
17 : [] 
18 : [32, 37, 54, 61, 86, 91, 128, 141, 162, 175] 
19 : [] 
20 : [] 
21 : [14, 19, 50, 111, 127, 130, 144, 173, 177, 182, 188] 
22 : [] 
23 : [0, 13, 47, 76, 80, 101, 107, 118, 134, 171, 199] 
24 : [10, 22, 40, 42, 49, 51, 71, 77, 81, 115, 116, 129, 142, 146, 149, 150, 184, 191, 197, 198] 
25 : [] 
26 : [20, 27, 48, 52, 55, 70, 79, 100, 108, 165] 
27 : [] 
28 : [2, 21, 23, 44, 56, 84, 85, 88, 93, 109, 123, 126, 133, 137, 152, 170, 172, 186, 189, 193] 
29 : [] 
fitness : 30461 
