Instalações : Clientes 
0 : [11, 23, 34, 64, 68, 80, 82] 
1 : [] 
2 : [17, 40, 42, 44, 51] 
3 : [] 
4 : [7, 24, 33, 37, 57, 78] 
5 : [] 
6 : [3] 
7 : [] 
8 : [0, 2, 5, 8, 19, 31, 39, 41, 43, 52, 88] 
9 : [20, 55, 79] 
10 : [29, 67, 72, 74, 83, 85, 89] 
11 : [36] 
12 : [] 
13 : [] 
14 : [] 
15 : [26, 65] 
16 : [] 
17 : [] 
18 : [] 
19 : [] 
20 : [70, 73] 
21 : [10, 16, 21, 30, 58, 75, 81, 87] 
22 : [] 
23 : [13, 22, 35, 38, 45] 
24 : [12, 50, 54, 60, 62, 66, 69, 71] 
25 : [4, 32, 59, 61, 76] 
26 : [18] 
27 : [1, 6, 9, 15, 46, 47, 53, 77] 
28 : [27, 28, 48, 49, 63, 84, 86] 
29 : [14, 25, 56] 
fitness : 97999 
