Instalações : Clientes 
0 : [0] 
1 : [1, 30, 81, 87, 93, 105, 115, 162, 178, 181, 182, 185, 199] 
2 : [] 
3 : [] 
4 : [] 
5 : [3, 13, 73, 86, 88, 89, 90, 121, 134, 154, 157, 161, 169, 189, 193, 194] 
6 : [] 
7 : [] 
8 : [] 
9 : [] 
10 : [47, 62, 85, 107, 117, 129, 151, 160, 164, 170, 175] 
11 : [] 
12 : [9, 14, 20, 26, 31, 38, 44, 65, 70, 74, 99, 132, 141, 142, 150, 183, 188, 192] 
13 : [2, 4, 17, 37, 42, 46, 48, 55, 61, 64, 67, 95, 103, 116, 130, 131, 135, 137, 152, 155, 176] 
14 : [71, 75, 78, 92, 102, 118, 123, 128, 136, 143, 147, 153, 159, 165, 166, 174, 180, 187, 196] 
15 : [] 
16 : [6, 177, 197] 
17 : [] 
18 : [] 
19 : [5, 18, 22, 25, 29, 34, 41, 59, 63, 72, 97, 114, 124, 133, 144, 186, 198] 
20 : [10, 12, 16, 23, 24, 27, 28, 36, 39, 40, 49, 52, 60, 79, 80, 83, 84, 110, 113, 122, 126, 139, 156, 167] 
21 : [] 
22 : [7, 33, 51, 53, 57, 66, 96, 108, 109, 119, 146, 149, 163, 179, 184, 190, 191] 
23 : [] 
24 : [8, 45, 56, 58, 68, 69, 77, 82, 98, 148, 171] 
25 : [91, 94, 100, 104, 111, 112, 120, 173, 195] 
26 : [] 
27 : [] 
28 : [] 
29 : [11, 15, 19, 21, 32, 35, 43, 50, 54, 76, 101, 106, 125, 127, 138, 140, 145, 158, 168, 172] 
fitness : 31318 
