Instalações : Clientes 
0 : [] 
1 : [16, 26, 40, 44, 53, 62, 102, 105, 128, 135, 136, 147, 165, 172, 178, 190, 194, 197] 
2 : [] 
3 : [] 
4 : [] 
5 : [38, 145, 180] 
6 : [3, 8, 14, 20, 24, 28, 37, 48, 61, 73, 81, 101, 108, 111, 140, 143, 149, 176] 
7 : [] 
8 : [30, 32, 33, 46, 51, 70, 71, 80, 90, 109, 117, 118, 119, 124, 170, 182, 184] 
9 : [11, 15, 23, 41, 42, 43, 56, 75, 84, 87, 130, 132, 137, 152, 162, 171, 179, 189] 
10 : [17, 22, 39, 57, 58, 66, 74, 83, 86, 99, 116, 134, 146, 159, 163, 164, 173, 187, 188, 196] 
11 : [] 
12 : [] 
13 : [25, 50, 68, 78, 92, 103, 126, 127, 139, 183, 185, 195] 
14 : [] 
15 : [] 
16 : [] 
17 : [] 
18 : [5, 9, 21, 27, 29, 31, 47, 49, 77, 79, 88, 93, 95, 122, 125, 161, 174, 175, 193] 
19 : [4, 7, 35, 45, 54, 59, 63, 89, 91, 96, 97, 115, 123, 129, 160, 191] 
20 : [] 
21 : [10, 13, 18, 55, 60, 72, 76, 104, 120, 133, 150, 151, 153, 155, 158, 168, 186, 199] 
22 : [] 
23 : [] 
24 : [19] 
25 : [34, 52, 82, 85, 100, 106, 110, 113, 114, 121, 138, 141, 154, 156, 157, 166, 169, 181, 192] 
26 : [] 
27 : [] 
28 : [0, 1, 2, 6, 12, 36, 64, 65, 67, 69, 94, 98, 107, 112, 131, 142, 144, 148, 167, 177, 198] 
29 : [] 
fitness : 30909 
