Instalações : Clientes 
0 : [0, 22, 23, 26, 29, 33, 34, 38, 61, 69, 88, 94, 105, 107, 108, 112, 131, 150, 161, 163, 176, 188] 
1 : [] 
2 : [39, 47, 51, 52, 79, 125, 126, 141, 146, 156, 157, 169, 175, 181, 182, 189, 190, 191] 
3 : [] 
4 : [] 
5 : [18, 53, 66, 74, 87, 101, 134, 145, 147, 164, 166, 170, 180, 197] 
6 : [] 
7 : [] 
8 : [13, 16, 24, 37, 41, 44, 54, 57, 63, 73, 75, 78, 80, 95, 109, 115, 119, 136, 137, 154, 158, 159, 162, 168, 185, 187, 198] 
9 : [] 
10 : [] 
11 : [15, 70, 71, 83, 89, 92, 93, 96, 102, 103, 117, 121, 127, 130, 132, 142, 143, 149, 194, 195, 196] 
12 : [] 
13 : [] 
14 : [1, 4, 6, 11, 14, 19, 49, 62, 65, 67, 77, 90, 110, 116, 139, 155, 173] 
15 : [] 
16 : [] 
17 : [21, 98, 99, 100, 122, 129, 138, 144, 148, 151, 153, 165, 186] 
18 : [] 
19 : [3, 5, 7, 27, 30, 42, 45, 55, 68, 91, 97, 114, 123, 140, 167, 184, 192, 199] 
20 : [2, 8, 12, 17, 20, 25, 28, 36, 40, 46, 50, 56, 60, 64, 76, 81, 82, 85, 118, 133, 135, 152, 160, 171, 172, 177, 179] 
21 : [] 
22 : [] 
23 : [] 
24 : [] 
25 : [] 
26 : [9, 10, 31, 32, 35, 43, 48, 58, 59, 72, 84, 86, 104, 106, 111, 113, 120, 124, 128, 174, 178, 183, 193] 
27 : [] 
28 : [] 
29 : [] 
fitness : 42573 
