Instalações : Clientes 
0 : [] 
1 : [] 
2 : [] 
3 : [] 
4 : [1, 2, 3, 4, 5, 7, 8, 9, 10, 11, 12, 13, 14, 15, 16, 17, 18, 19, 20, 21, 23, 25, 26, 28, 29, 30, 35, 37, 60] 
5 : [] 
6 : [] 
7 : [] 
8 : [] 
9 : [33, 39, 40, 41] 
10 : [] 
11 : [24, 27, 32, 34, 36, 42, 43, 44, 45, 46, 47, 53, 55, 59] 
12 : [] 
13 : [0, 6, 22, 31, 38, 48, 49, 50, 51, 52, 54, 56, 57, 63, 64] 
14 : [] 
15 : [] 
16 : [] 
17 : [58, 61, 62, 65, 66, 67, 68, 69, 70, 71, 72, 73, 74, 75, 76, 77, 78, 79] 
18 : [] 
19 : [] 
fitness : 7306 
