Instalações : Clientes 
0 : [] 
1 : [] 
2 : [] 
3 : [] 
4 : [42, 66, 84, 99, 119, 123, 140, 141, 165, 169, 174, 186, 197] 
5 : [1, 3, 5, 12, 20, 38, 82, 101, 107, 134, 136, 155, 157, 158, 193] 
6 : [] 
7 : [] 
8 : [] 
9 : [] 
10 : [] 
11 : [4, 7, 30, 47, 48, 57, 58, 78, 86, 89, 105, 108, 124, 125, 130, 144, 164, 175] 
12 : [] 
13 : [] 
14 : [] 
15 : [] 
16 : [] 
17 : [] 
18 : [] 
19 : [] 
20 : [] 
21 : [] 
22 : [] 
23 : [] 
24 : [] 
25 : [] 
26 : [15, 21, 28, 39, 50, 69, 74, 91, 102, 145, 152, 162, 180, 183, 190, 199] 
27 : [] 
28 : [] 
29 : [] 
30 : [19, 23, 24, 29, 41, 46, 52, 54, 59, 71, 93, 94, 112, 120, 122, 129, 131, 167, 172, 173, 179] 
31 : [] 
32 : [11, 18, 35, 36, 43, 45, 49, 76, 85, 95, 106, 117, 118, 135, 156, 166, 168, 171, 192] 
33 : [] 
34 : [] 
35 : [] 
36 : [2, 10, 14, 32, 80, 88, 109, 127, 128, 132, 146, 149, 151, 161, 182, 188, 195] 
37 : [] 
38 : [] 
39 : [] 
40 : [6, 40, 53, 65, 68, 70, 96, 97, 111, 133, 142, 159, 163, 189] 
41 : [] 
42 : [] 
43 : [] 
44 : [] 
45 : [22, 25, 27, 34, 55, 63, 64, 79, 81, 83, 87, 90, 98, 100, 110, 115, 126, 137, 143, 160, 178, 184, 198] 
46 : [] 
47 : [116, 138, 153, 181] 
48 : [8, 9, 26, 44, 51, 56, 60, 67, 72, 77, 103, 104, 113, 114, 148, 154, 170, 187, 194, 196] 
49 : [] 
50 : [] 
51 : [] 
52 : [13, 16, 17, 33, 37, 61, 62, 73, 75, 92, 121, 147, 150, 177, 185, 191] 
53 : [0, 31, 139, 176] 
54 : [] 
55 : [] 
56 : [] 
57 : [] 
58 : [] 
59 : [] 
fitness : 34105 
