Instalações : Clientes 
0 : [] 
1 : [] 
2 : [0, 3, 17, 26, 27, 31, 33, 50, 73, 75, 98, 111, 133] 
3 : [] 
4 : [] 
5 : [] 
6 : [] 
7 : [1, 8, 40, 121, 160, 164, 168, 170, 188, 194] 
8 : [] 
9 : [25, 44, 67, 95, 112, 140] 
10 : [] 
11 : [] 
12 : [87, 106] 
13 : [] 
14 : [] 
15 : [] 
16 : [] 
17 : [] 
18 : [] 
19 : [] 
20 : [5, 23, 35, 36, 37, 43, 83, 84, 86, 96, 129, 166, 172, 182, 184] 
21 : [] 
22 : [] 
23 : [] 
24 : [] 
25 : [16, 19, 28, 41, 53, 62, 76, 90, 102, 109, 116, 123, 124, 125, 144, 147, 162, 173, 174, 183, 197] 
26 : [7, 12, 14, 49, 56, 58, 63, 66, 85, 101, 143, 150, 155, 178, 196] 
27 : [22, 29, 39, 52, 59, 78, 93, 107, 113, 149, 179, 180, 195] 
28 : [] 
29 : [] 
30 : [] 
31 : [] 
32 : [] 
33 : [] 
34 : [] 
35 : [] 
36 : [] 
37 : [] 
38 : [2, 18, 24, 48, 61, 70, 74, 77, 80, 94, 100, 120] 
39 : [4, 6, 15, 21, 54, 91, 103, 118, 119, 127, 132, 135, 138, 148, 156, 157] 
40 : [11, 104, 137, 142, 145, 151, 171, 187, 193] 
41 : [32, 45, 47, 51, 55, 65, 81, 82, 88, 99, 105, 108, 115, 126, 128, 136, 139, 153, 161, 163, 169] 
42 : [] 
43 : [] 
44 : [] 
45 : [] 
46 : [] 
47 : [] 
48 : [68, 110, 117, 122, 134, 181, 186, 191, 192] 
49 : [] 
50 : [] 
51 : [] 
52 : [] 
53 : [] 
54 : [] 
55 : [] 
56 : [] 
57 : [9, 13, 34, 69, 71, 72, 92, 97, 114, 130, 146, 152, 154, 165, 175, 190, 198, 199] 
58 : [] 
59 : [10, 20, 30, 38, 42, 46, 57, 60, 64, 79, 89, 131, 141, 158, 159, 167, 176, 177, 185, 189] 
fitness : 32898 
