Instalações : Clientes 
0 : [130, 198] 
1 : [94, 120, 121, 125, 128, 158] 
2 : [0, 4, 15, 70, 80, 101, 160, 161, 162, 171, 189] 
3 : [] 
4 : [5, 6, 7, 8, 10, 11, 12, 14, 16, 19, 21, 24, 29, 31, 32, 33, 35, 37, 43, 44, 46, 48, 49, 50, 52, 53, 54, 59, 61, 64, 73, 78, 82, 83, 89, 90, 92, 96, 97, 99, 100, 107, 109, 111, 119, 142, 152, 177, 179, 180] 
5 : [] 
6 : [60, 196] 
7 : [] 
8 : [1, 2, 13, 17, 18, 22, 28, 34, 36, 56, 67, 71, 75, 79, 81, 85, 88, 91, 104, 124, 134, 138, 139, 145, 187, 195] 
9 : [] 
10 : [51] 
11 : [] 
12 : [] 
13 : [27, 38, 41, 45, 47, 55, 57, 72, 76, 77, 93, 103, 106, 108, 110, 113, 114, 115, 116, 117, 126, 133, 136, 140, 149, 151, 175, 176, 197] 
14 : [20, 39, 42, 62, 65, 66, 68, 74, 84, 95, 102, 105, 123, 129, 137, 153, 155, 156, 166, 169, 172, 181] 
15 : [118, 127, 135, 144, 146, 147, 148, 154, 163, 167, 178, 184, 186, 190, 191, 193, 194] 
16 : [] 
17 : [] 
18 : [9, 122, 131, 132, 173, 183] 
19 : [143, 157, 159, 164, 165, 168, 174, 199] 
20 : [] 
21 : [] 
22 : [] 
23 : [] 
24 : [] 
25 : [] 
26 : [3, 23, 25, 26, 30, 40, 58, 63, 69, 86, 87, 98, 112, 141, 150, 170, 182, 185, 188, 192] 
27 : [] 
28 : [] 
29 : [] 
fitness : 31966 
