Instalações : Clientes 
0 : [] 
1 : [] 
2 : [] 
3 : [] 
4 : [] 
5 : [0, 64, 70, 98, 161, 179] 
6 : [] 
7 : [] 
8 : [] 
9 : [] 
10 : [] 
11 : [14, 19, 30, 76, 89, 94, 121, 134, 149, 160, 162, 163, 195] 
12 : [] 
13 : [7, 28, 41, 50, 53, 79, 105, 122, 146, 150, 152, 166, 170] 
14 : [] 
15 : [] 
16 : [3, 8, 23, 37, 42, 47, 49, 63, 85, 86, 88, 142, 151, 156, 158, 167, 172, 174] 
17 : [] 
18 : [] 
19 : [] 
20 : [34, 52, 65, 68, 71, 81, 106, 109, 115, 116, 153, 157, 165, 177, 185] 
21 : [] 
22 : [59, 66, 77, 93, 186, 197] 
23 : [] 
24 : [10, 11, 16, 18, 22, 38, 40, 48, 55, 67, 97, 102, 112, 113, 127, 140, 147, 183] 
25 : [] 
26 : [] 
27 : [6, 9, 17, 26, 32, 46, 58, 69, 90, 117, 129, 130, 155, 182] 
28 : [15, 82, 84, 108, 111, 131, 139, 145, 148, 164, 173, 193] 
29 : [] 
30 : [] 
31 : [] 
32 : [] 
33 : [] 
34 : [12, 13, 44, 57, 62, 96, 114, 168, 187, 192] 
35 : [29, 33, 45, 78, 107, 137, 144] 
36 : [] 
37 : [] 
38 : [] 
39 : [] 
40 : [54, 74, 75, 91, 118, 120, 126, 171, 188] 
41 : [] 
42 : [39, 56, 83, 92, 103, 104, 124, 132, 154, 169, 178, 191, 194] 
43 : [] 
44 : [4, 21, 24, 31, 35, 73, 99, 101, 119, 125, 133, 135, 141, 176, 180, 196, 199] 
45 : [] 
46 : [] 
47 : [] 
48 : [] 
49 : [] 
50 : [2, 20, 60, 61, 95, 181, 189] 
51 : [] 
52 : [] 
53 : [5, 25, 51, 72, 80, 110, 123, 128, 159] 
54 : [1, 27, 36, 43, 87, 100, 136, 138, 143, 175, 184, 190, 198] 
55 : [] 
56 : [] 
57 : [] 
58 : [] 
59 : [] 
fitness : 33511 
