Instalações : Clientes 
0 : [] 
1 : [] 
2 : [] 
3 : [11, 116, 121, 131, 135, 136, 137, 146, 147, 163, 166, 169, 173, 181, 196, 199] 
4 : [] 
5 : [] 
6 : [] 
7 : [] 
8 : [] 
9 : [17, 23, 42, 43, 56, 74, 78, 83, 87, 127, 130, 134, 157, 162, 171, 174, 183] 
10 : [15, 21, 22, 31, 41, 47, 58, 75, 77, 79, 86, 132, 159, 161, 164, 177, 187, 189] 
11 : [] 
12 : [] 
13 : [92, 96, 100, 126, 139, 195] 
14 : [] 
15 : [10, 18, 29, 71, 104, 109, 117, 118, 153, 167, 178, 186] 
16 : [] 
17 : [5, 99, 152, 179] 
18 : [44, 49, 57, 62, 93, 107, 120, 125, 155, 158, 175, 188, 193, 194] 
19 : [89, 115, 123, 143, 145, 180, 191, 198] 
20 : [] 
21 : [13, 40, 46, 53, 60, 65, 66, 72, 76, 95, 102, 110, 122, 129, 156, 170, 172] 
22 : [33, 70, 80, 88, 119, 124, 133, 150, 151, 168, 184] 
23 : [3, 190, 197] 
24 : [] 
25 : [103, 106, 111, 113, 114, 138, 140, 141, 149, 154, 160, 176, 185, 192] 
26 : [] 
27 : [] 
28 : [0, 1, 2, 4, 6, 7, 8, 9, 12, 14, 16, 19, 20, 24, 25, 26, 27, 28, 30, 32, 34, 35, 36, 37, 38, 39, 45, 48, 50, 51, 52, 54, 55, 59, 61, 63, 64, 67, 68, 69, 73, 81, 82, 84, 85, 90, 91, 94, 97, 98, 101, 105, 108, 112, 128, 142, 144, 148, 165, 182] 
29 : [] 
fitness : 31299 
