Instalações : Clientes 
0 : [] 
1 : [] 
2 : [] 
3 : [] 
4 : [] 
5 : [] 
6 : [129] 
7 : [] 
8 : [] 
9 : [] 
10 : [2, 51, 57, 64, 70, 80, 93, 113, 138, 151, 154, 196] 
11 : [94, 108, 125, 128, 131, 134, 139, 145, 148, 162, 164, 179, 193, 195] 
12 : [166] 
13 : [] 
14 : [] 
15 : [] 
16 : [3, 31, 32, 35, 44, 59, 114, 124, 141, 143, 180, 181, 199] 
17 : [] 
18 : [] 
19 : [0, 1, 23, 24, 56, 71, 83, 90, 91, 103, 106, 109, 120, 132, 157] 
20 : [6, 10, 18, 22, 34, 100, 101, 104, 110, 112, 115, 116, 142, 172, 178, 182, 189, 194, 197] 
21 : [] 
22 : [] 
23 : [14, 15, 19, 30, 48, 54, 62, 73, 87, 111, 121, 136, 144, 160, 175, 177, 187, 191] 
24 : [5, 16, 17, 33, 37, 39, 45, 58, 67, 69, 78, 88, 96, 97, 98, 102, 117, 130, 140, 165, 184] 
25 : [] 
26 : [7, 8, 12, 20, 21, 25, 26, 27, 28, 36, 41, 42, 46, 49, 60, 72, 77, 84, 92, 118, 119, 127, 146, 147, 149, 150, 163, 173, 174, 183, 190] 
27 : [] 
28 : [] 
29 : [] 
30 : [] 
31 : [] 
32 : [] 
33 : [38, 43, 55, 74, 75, 76, 81, 82, 86, 89, 95, 126, 167, 188] 
34 : [] 
35 : [] 
36 : [] 
37 : [11, 29, 79] 
38 : [] 
39 : [61, 122] 
40 : [] 
41 : [] 
42 : [] 
43 : [40, 52, 65, 85, 156, 169, 171] 
44 : [] 
45 : [] 
46 : [] 
47 : [] 
48 : [] 
49 : [] 
50 : [] 
51 : [] 
52 : [9, 105, 107, 137, 152, 155, 176, 186] 
53 : [4] 
54 : [13, 47, 50, 53, 63, 66, 99, 123, 133, 135, 158, 159, 161, 168, 170, 192, 198] 
55 : [] 
56 : [68, 153, 185] 
57 : [] 
58 : [] 
59 : [] 
fitness : 34066 
