Instalações : Clientes 
0 : [] 
1 : [] 
2 : [] 
3 : [32, 69, 77, 106, 108, 113, 128, 153, 169, 175, 180, 199] 
4 : [] 
5 : [30, 31, 46, 91, 99, 157, 159] 
6 : [] 
7 : [] 
8 : [] 
9 : [13, 123, 165, 197, 198] 
10 : [] 
11 : [] 
12 : [] 
13 : [] 
14 : [] 
15 : [] 
16 : [] 
17 : [] 
18 : [] 
19 : [22, 67, 71, 73, 107, 146, 148, 179, 188] 
20 : [8, 27, 33, 56, 60, 66, 88, 101, 124, 143, 145, 162, 166, 185] 
21 : [61, 62, 70, 74, 89, 94, 100, 112, 117, 122, 130, 134, 149, 186, 191] 
22 : [] 
23 : [120] 
24 : [] 
25 : [] 
26 : [] 
27 : [] 
28 : [] 
29 : [2, 15, 25, 41, 44, 68, 80, 109, 110, 116, 144, 147, 183, 192] 
30 : [52, 64, 86, 135, 141, 155, 177] 
31 : [] 
32 : [5, 7, 10, 16, 23, 35, 36, 37, 43, 58, 72, 84, 96, 129, 167, 173, 184, 187] 
33 : [] 
34 : [0, 3, 14, 20, 34, 53, 57, 63, 79, 83, 93, 119, 137, 140, 142, 182, 195] 
35 : [] 
36 : [] 
37 : [] 
38 : [] 
39 : [4, 11, 12, 17, 18, 24, 29, 38, 42, 50, 75, 85, 98, 103, 111, 118, 121, 127, 133, 136, 138, 156, 158, 161, 178] 
40 : [19, 26, 49, 54, 131, 150, 151, 171, 176, 189, 193, 196] 
41 : [6, 45, 47, 51, 55, 65, 81, 87, 97, 105, 114, 126, 132, 139, 163] 
42 : [] 
43 : [] 
44 : [] 
45 : [] 
46 : [] 
47 : [] 
48 : [] 
49 : [] 
50 : [] 
51 : [28, 48, 76, 90, 95, 102, 104, 125, 168, 172, 174] 
52 : [] 
53 : [] 
54 : [] 
55 : [21] 
56 : [] 
57 : [1, 9, 39, 40, 59, 78, 82, 92, 115, 152, 154, 160, 164, 170, 181, 190, 194] 
58 : [] 
59 : [] 
fitness : 34329 
