Instalações : Clientes 
0 : [] 
1 : [] 
2 : [15, 39, 49, 71, 82, 86, 111, 112, 124, 138, 148] 
3 : [] 
4 : [] 
5 : [5, 27, 36, 42, 44, 53, 61, 72, 74, 91, 116, 117, 118, 119, 120, 132, 147, 149] 
6 : [] 
7 : [3, 4, 21, 34, 35, 40, 41, 56, 90, 96, 100, 121, 142] 
8 : [] 
9 : [] 
10 : [] 
11 : [1, 2, 14, 17, 19, 20, 26, 29, 32, 51, 63, 64, 65, 73, 81, 84, 94, 103, 104, 106, 113, 114, 131, 134, 140, 146] 
12 : [] 
13 : [47] 
14 : [0, 9, 12, 45, 52, 54, 59, 60, 62, 67, 70, 75, 77, 80, 83, 85, 88, 108, 109, 110, 135, 141, 144] 
15 : [] 
16 : [] 
17 : [11, 16, 25, 102, 130, 139, 143] 
18 : [] 
19 : [] 
20 : [] 
21 : [] 
22 : [] 
23 : [] 
24 : [] 
25 : [6, 7, 8, 13, 24, 31, 33, 37, 46, 48, 50, 55, 57, 66, 69, 87, 92, 95, 101, 105, 107, 115, 122, 126, 128, 137, 145] 
26 : [] 
27 : [] 
28 : [] 
29 : [10, 18, 22, 23, 28, 30, 38, 43, 58, 68, 76, 78, 79, 89, 93, 97, 98, 99, 123, 125, 127, 129, 133, 136] 
fitness : 19603 
