Instalações : Clientes 
0 : [60, 64, 67, 73, 81, 83, 84, 85, 94, 104, 106, 113, 114, 125, 130, 136, 139, 140, 148] 
1 : [] 
2 : [] 
3 : [] 
4 : [] 
5 : [22, 27, 36, 42, 44, 53, 61, 68, 74, 95, 105, 116, 117, 118, 119, 120, 132, 137, 147] 
6 : [] 
7 : [] 
8 : [0, 10, 11, 12, 13, 15, 16, 17, 20, 21, 25, 34, 35, 39, 40, 45, 47, 49, 54, 55, 77, 80, 88, 99, 100, 121, 123, 138, 141, 142, 144] 
9 : [] 
10 : [] 
11 : [] 
12 : [] 
13 : [] 
14 : [51, 52, 56, 59, 62, 78, 86, 90, 96, 102, 108, 110, 112, 129, 135, 143] 
15 : [] 
16 : [] 
17 : [] 
18 : [] 
19 : [] 
20 : [] 
21 : [] 
22 : [] 
23 : [] 
24 : [] 
25 : [6, 7, 18, 28, 30, 31, 33, 37, 65, 66, 69, 72, 79, 91, 92, 101, 103, 107, 115, 122, 126, 127, 145, 146, 149] 
26 : [] 
27 : [14, 24, 29, 38, 48, 50, 57, 58, 63, 76, 87, 89, 93, 98, 128, 131, 133] 
28 : [1, 2, 3, 4, 5, 8, 9, 19, 23, 26, 32, 41, 43, 46, 70, 71, 75, 82, 97, 109, 111, 124, 134] 
29 : [] 
fitness : 15772 
