Instalações : Clientes 
0 : [0, 4, 9, 11, 12, 16, 26, 39, 40, 56, 60, 64, 67, 73, 83, 85, 86, 90, 92, 101, 102, 108, 120, 130, 139, 140, 143] 
1 : [] 
2 : [96] 
3 : [] 
4 : [2, 8, 23, 51, 70, 78, 111, 124, 134] 
5 : [5, 18, 19, 27, 28, 36, 53, 61, 72, 98, 118, 119, 126, 147, 149] 
6 : [] 
7 : [] 
8 : [13, 15, 25, 34, 35, 45, 47, 49, 54, 55, 59, 62, 75, 77, 80, 82, 88, 109, 110, 112, 123, 138, 141, 142, 144] 
9 : [7, 10, 22, 24, 29, 37, 42, 44, 50, 66, 68, 69, 74, 76, 79, 89, 91, 95, 97, 115, 117, 127, 132, 133] 
10 : [] 
11 : [3, 17, 81, 113, 148] 
12 : [] 
13 : [] 
14 : [41, 135] 
15 : [] 
16 : [] 
17 : [] 
18 : [] 
19 : [] 
20 : [] 
21 : [] 
22 : [] 
23 : [] 
24 : [116] 
25 : [1, 31, 38, 43, 52, 57, 65, 71, 87, 93, 94, 100, 103, 104, 107, 114, 121, 122, 125, 128, 129, 146] 
26 : [] 
27 : [6, 14, 20, 21, 33, 48, 58, 63, 84, 99, 106, 131, 136, 145] 
28 : [] 
29 : [30, 32, 46, 105, 137] 
fitness : 19015 
