Instalações : Clientes 
0 : [] 
1 : [93, 101, 105, 106, 107, 124, 125, 127, 140, 170, 172, 183, 186, 199] 
2 : [51, 53, 64, 80, 81, 95, 100, 103, 109, 119, 135, 137, 155, 176, 179, 191] 
3 : [] 
4 : [] 
5 : [1, 3, 13, 38, 65, 70, 74, 121, 134, 141, 157, 169, 189, 193] 
6 : [] 
7 : [] 
8 : [82] 
9 : [14, 15, 18, 25, 29, 59, 63, 71, 133, 138, 153, 158, 174, 182, 192, 198] 
10 : [] 
11 : [] 
12 : [9, 27, 35, 45, 49, 66, 73, 87, 88, 89, 94, 99, 115, 132, 150, 181, 188, 194] 
13 : [2, 4, 11, 22, 30, 31, 33, 37, 41, 42, 44, 46, 48, 50, 55, 57, 61, 86, 96, 108, 116, 130, 131, 145, 146, 149, 152, 154, 161, 184, 190] 
14 : [75, 85, 92, 102, 111, 123, 128, 129, 136, 144, 151, 165, 177, 180, 187, 196] 
15 : [] 
16 : [] 
17 : [] 
18 : [] 
19 : [] 
20 : [7, 10, 12, 16, 17, 23, 24, 26, 28, 36, 39, 52, 56, 58, 67, 68, 83, 84, 90, 91, 98, 110, 122, 139, 156, 163, 164, 167, 175] 
21 : [] 
22 : [] 
23 : [] 
24 : [] 
25 : [104, 112, 114, 117, 120, 159, 160, 173, 195, 197] 
26 : [5, 6, 8, 40, 60, 69, 72, 77, 78, 79, 118, 126, 143, 147, 148, 166, 171] 
27 : [] 
28 : [19, 32, 47, 185] 
29 : [0, 20, 21, 34, 43, 54, 62, 76, 97, 113, 142, 162, 168, 178] 
fitness : 30079 
