Instalações : Clientes 
0 : [5, 17, 33, 39, 40, 45, 60, 67, 70, 75, 93, 94, 96, 97, 102, 112, 113, 120, 130, 140] 
1 : [] 
2 : [0, 15, 20, 23, 26, 52, 56, 101, 104, 121, 134] 
3 : [] 
4 : [6, 8, 10, 14, 21, 22, 24, 30, 32, 43, 46, 50, 57, 58, 68, 78, 84, 87, 98, 99, 106, 115, 125, 129, 133, 136, 145] 
5 : [] 
6 : [] 
7 : [38, 51, 63, 73, 81, 86, 90, 92, 128, 131, 148] 
8 : [2, 4, 11, 12, 13, 19, 25, 34, 35, 41, 47, 49, 54, 55, 59, 62, 71, 77, 80, 82, 88, 100, 108, 109, 123, 124, 135, 138, 141, 142, 144] 
9 : [] 
10 : [] 
11 : [1, 27, 31, 36, 44, 53, 64, 65, 72, 107, 116, 118, 119, 147, 149] 
12 : [] 
13 : [] 
14 : [] 
15 : [] 
16 : [] 
17 : [3, 9, 16, 48, 83, 85, 95, 110, 111, 139, 143] 
18 : [] 
19 : [] 
20 : [] 
21 : [] 
22 : [] 
23 : [] 
24 : [] 
25 : [7, 18, 28, 29, 37, 42, 61, 66, 69, 74, 76, 79, 89, 91, 103, 105, 114, 117, 122, 126, 127, 132, 137, 146] 
26 : [] 
27 : [] 
28 : [] 
29 : [] 
fitness : 19946 
