Instalações : Clientes 
0 : [] 
1 : [] 
2 : [] 
3 : [] 
4 : [230, 281, 290, 309, 321, 324, 330, 345, 356, 360, 384, 406, 416, 426, 483, 493, 505, 529, 563, 564, 576, 617, 660, 665, 674, 675, 676, 682, 710, 714, 722, 729, 737, 750, 771, 785, 797, 807, 810, 815, 817, 842, 868, 872, 885, 932, 933, 941, 947, 955, 967, 976, 979] 
5 : [] 
6 : [] 
7 : [] 
8 : [] 
9 : [] 
10 : [] 
11 : [] 
12 : [] 
13 : [] 
14 : [0, 2, 10, 12, 23, 27, 34, 38, 40, 41, 47, 51, 56, 59, 65, 67, 68, 69, 73, 74, 81, 90, 95, 101, 106, 109, 119, 124, 125, 127, 139, 140, 148, 155, 163, 165, 167, 168, 171, 173, 180, 202, 207, 213, 217, 218, 223, 235, 239, 247, 248, 256, 259, 261, 262, 264, 267, 271, 272, 278, 289, 306, 337, 339, 341, 344, 358, 367, 371, 374, 393, 395, 400, 404, 409, 411, 412, 415, 417, 419, 434, 436, 450, 453, 458, 469, 474, 489, 498, 507, 510, 523, 525, 526, 531, 537, 569, 571, 573, 581, 583, 590, 595, 600, 606, 607, 613, 618, 625, 632, 633, 653, 670, 699, 704, 707, 726, 739, 745, 746, 757, 765, 772, 782, 783, 789, 798, 799, 804, 806, 814, 818, 821, 835, 838, 840, 845, 846, 848, 877, 878, 880, 889, 891, 897, 905, 921, 922, 924, 925, 944, 969, 986, 989] 
15 : [] 
16 : [] 
17 : [1, 4, 11, 13, 14, 17, 18, 19, 21, 24, 25, 31, 32, 33, 50, 54, 55, 57, 58, 70, 76, 79, 83, 93, 94, 98, 102, 103, 108, 120, 132, 133, 144, 150, 157, 185, 204, 206, 210, 211, 214, 219, 227, 229, 231, 232, 260, 268, 280, 282, 283, 292, 297, 303, 311, 326, 328, 338, 347, 350, 353, 359, 378, 379, 383, 387, 392, 401, 413, 414, 420, 421, 432, 439, 457, 465, 486, 491, 494, 495, 512, 522, 530, 544, 551, 552, 555, 558, 574, 578, 610, 620, 623, 629, 636, 643, 645, 648, 650, 651, 652, 668, 669, 677, 678, 686, 694, 701, 709, 715, 716, 720, 721, 734, 748, 755, 766, 787, 788, 792, 805, 811, 813, 823, 828, 829, 832, 836, 839, 852, 857, 859, 863, 865, 873, 876, 879, 883, 887, 904, 923, 927, 928, 930, 937, 940, 943, 953, 954, 957, 959, 963, 966, 970, 974, 981, 983, 987, 988, 993, 996, 997, 998, 999] 
18 : [] 
19 : [] 
20 : [] 
21 : [] 
22 : [] 
23 : [] 
24 : [] 
25 : [] 
26 : [] 
27 : [] 
28 : [] 
29 : [] 
30 : [] 
31 : [] 
32 : [] 
33 : [] 
34 : [] 
35 : [] 
36 : [] 
37 : [3, 7, 8, 26, 29, 37, 39, 49, 61, 62, 64, 72, 78, 85, 96, 97, 105, 116, 123, 134, 141, 147, 151, 152, 161, 184, 186, 187, 189, 190, 195, 196, 197, 200, 203, 205, 222, 224, 237, 238, 250, 269, 274, 275, 285, 288, 298, 300, 302, 310, 314, 317, 320, 329, 333, 351, 354, 364, 370, 386, 389, 391, 397, 398, 403, 422, 423, 431, 433, 438, 448, 449, 473, 478, 481, 487, 492, 496, 500, 501, 503, 506, 513, 515, 528, 535, 547, 557, 565, 568, 584, 589, 593, 597, 603, 605, 609, 611, 614, 615, 619, 622, 627, 630, 638, 649, 667, 687, 695, 697, 700, 702, 708, 717, 742, 753, 756, 764, 767, 774, 775, 776, 784, 795, 800, 816, 820, 824, 825, 834, 851, 853, 854, 861, 869, 870, 881, 906, 910, 915, 916, 917, 919, 929, 931, 934, 942, 952, 961, 964, 971, 972, 973, 985, 995] 
38 : [] 
39 : [] 
40 : [] 
41 : [] 
42 : [] 
43 : [] 
44 : [] 
45 : [] 
46 : [] 
47 : [] 
48 : [] 
49 : [6, 9, 15, 22, 30, 43, 44, 86, 87, 107, 112, 113, 114, 117, 126, 129, 131, 143, 145, 146, 159, 160, 164, 172, 176, 177, 183, 192, 193, 198, 208, 215, 220, 221, 228, 233, 236, 240, 242, 245, 249, 251, 258, 263, 270, 276, 299, 301, 304, 307, 318, 322, 343, 352, 355, 362, 363, 365, 366, 368, 373, 376, 382, 396, 402, 427, 429, 430, 444, 452, 454, 462, 464, 471, 479, 497, 499, 502, 511, 521, 524, 533, 546, 556, 559, 560, 561, 570, 577, 580, 592, 594, 601, 604, 616, 624, 626, 631, 637, 639, 641, 642, 644, 659, 661, 673, 683, 688, 689, 696, 712, 724, 727, 730, 732, 736, 743, 744, 752, 760, 779, 793, 796, 808, 819, 822, 841, 847, 849, 862, 864, 874, 875, 896, 901, 903, 907, 908, 911, 913, 918, 920, 935, 936, 949, 956, 975, 978, 980, 990] 
50 : [] 
51 : [5, 16, 20, 28, 42, 45, 46, 52, 63, 66, 71, 75, 77, 80, 82, 88, 89, 104, 111, 121, 122, 128, 135, 142, 153, 154, 156, 166, 169, 174, 175, 188, 194, 209, 225, 226, 241, 246, 252, 254, 265, 279, 286, 287, 291, 294, 305, 308, 312, 313, 315, 316, 325, 327, 332, 334, 335, 342, 349, 369, 380, 381, 388, 390, 399, 405, 408, 418, 428, 441, 451, 455, 456, 460, 463, 467, 468, 472, 482, 488, 490, 508, 514, 517, 518, 534, 536, 538, 542, 549, 562, 579, 582, 586, 587, 588, 591, 598, 599, 602, 608, 612, 621, 628, 634, 640, 657, 663, 664, 666, 679, 690, 698, 703, 705, 706, 713, 718, 719, 725, 728, 735, 738, 740, 749, 758, 759, 761, 762, 769, 770, 777, 778, 780, 786, 790, 794, 801, 802, 809, 826, 833, 837, 855, 884, 888, 890, 893, 894, 895, 898, 912, 938, 939, 945, 946, 948, 950, 960, 962, 968, 977, 984, 992] 
52 : [] 
53 : [] 
54 : [] 
55 : [] 
56 : [] 
57 : [] 
58 : [] 
59 : [] 
60 : [] 
61 : [] 
62 : [] 
63 : [] 
64 : [35, 36, 48, 53, 60, 84, 91, 92, 99, 100, 110, 115, 118, 130, 136, 137, 138, 149, 158, 162, 170, 178, 179, 181, 182, 191, 199, 201, 212, 216, 234, 243, 244, 253, 255, 257, 266, 273, 277, 284, 293, 295, 296, 319, 323, 331, 336, 340, 346, 348, 357, 361, 372, 375, 377, 385, 394, 407, 410, 424, 425, 435, 437, 440, 442, 443, 445, 446, 447, 459, 461, 466, 470, 475, 476, 477, 480, 484, 485, 504, 509, 516, 519, 520, 527, 532, 539, 540, 541, 543, 545, 548, 550, 553, 554, 566, 567, 572, 575, 585, 596, 635, 646, 647, 654, 655, 656, 658, 662, 671, 672, 680, 681, 684, 685, 691, 692, 693, 711, 723, 731, 733, 741, 747, 751, 754, 763, 768, 773, 781, 791, 803, 812, 827, 830, 831, 843, 844, 850, 856, 858, 860, 866, 867, 871, 882, 886, 892, 899, 900, 902, 909, 914, 926, 951, 958, 965, 982, 991, 994] 
65 : [] 
66 : [] 
67 : [] 
68 : [] 
69 : [] 
70 : [] 
71 : [] 
72 : [] 
73 : [] 
74 : [] 
75 : [] 
76 : [] 
77 : [] 
78 : [] 
79 : [] 
80 : [] 
81 : [] 
82 : [] 
83 : [] 
84 : [] 
85 : [] 
86 : [] 
87 : [] 
88 : [] 
89 : [] 
90 : [] 
91 : [] 
92 : [] 
93 : [] 
94 : [] 
95 : [] 
96 : [] 
97 : [] 
98 : [] 
99 : [] 
fitness : 27295005 
