Instalações : Clientes 
0 : [34, 35, 41, 45, 49, 52, 59, 60, 62, 67, 83, 85, 90, 102, 110, 130, 135, 139, 140, 142, 144] 
1 : [] 
2 : [17, 55, 56, 77, 80, 88, 112, 123, 138, 143] 
3 : [] 
4 : [] 
5 : [27, 31, 36, 44, 50, 53, 57, 61, 66, 68, 79, 103, 116, 118, 119, 120, 126, 147, 149] 
6 : [] 
7 : [3, 15, 16, 20, 73, 81, 86, 96, 109, 148] 
8 : [] 
9 : [] 
10 : [] 
11 : [1, 5, 6, 7, 13, 14, 19, 32, 40, 46, 47, 51, 64, 65, 72, 74, 78, 87, 92, 94, 101, 107, 113, 114, 124, 141, 146] 
12 : [] 
13 : [] 
14 : [] 
15 : [37, 42] 
16 : [] 
17 : [] 
18 : [] 
19 : [0, 2, 9, 11, 12, 25, 26, 39, 54, 70, 71, 75, 82, 84, 104, 108, 121, 134] 
20 : [] 
21 : [] 
22 : [] 
23 : [] 
24 : [] 
25 : [] 
26 : [] 
27 : [4, 8, 18, 23, 24, 28, 38, 48, 63, 69, 93, 99, 100, 106, 111, 125, 129, 136] 
28 : [] 
29 : [10, 21, 22, 29, 30, 33, 43, 58, 76, 89, 91, 95, 97, 98, 105, 115, 117, 122, 127, 128, 131, 132, 133, 137, 145] 
fitness : 26397 
