Instalações : Clientes 
0 : [0, 21, 23, 27, 40, 49, 74, 81, 98, 103, 105, 118, 121, 122, 129, 141, 145, 151, 153, 176, 180, 186, 188] 
1 : [] 
2 : [2, 4, 24, 51, 66, 75, 80, 94, 108, 150, 156, 157, 163, 164, 166, 170, 175, 190] 
3 : [] 
4 : [28, 30, 31, 32, 35, 41, 43, 60, 97, 104, 106, 111, 124, 144, 174, 178] 
5 : [] 
6 : [55, 71, 72, 83, 86, 89, 113, 120, 130, 143, 149, 183, 184, 192, 193] 
7 : [] 
8 : [] 
9 : [] 
10 : [] 
11 : [] 
12 : [] 
13 : [] 
14 : [] 
15 : [] 
16 : [146] 
17 : [5, 10, 14, 61, 63, 65, 95, 99, 117, 137, 138, 139, 158, 159, 161, 173] 
18 : [] 
19 : [1, 11, 42, 45, 48, 67, 69, 73, 82, 84, 91, 92, 102, 110, 114, 123, 128, 167, 172, 199] 
20 : [17, 36, 37, 44, 54, 57, 64, 76, 78, 85, 109, 115, 119, 133, 135, 154, 171, 177, 179, 185] 
21 : [6, 8, 18, 22, 29, 33, 38, 39, 47, 52, 53, 87, 101, 107, 125, 126, 131, 169, 181, 182, 189, 191, 197] 
22 : [] 
23 : [12, 13, 16, 46, 77, 134, 136, 152, 160, 162, 168, 187, 198] 
24 : [] 
25 : [] 
26 : [] 
27 : [3, 7, 15, 19, 20, 25, 26, 34, 50, 56, 58, 59, 62, 68, 70, 79, 88, 90, 112, 147, 148, 165, 194, 196] 
28 : [9, 93, 96, 100, 116, 127, 132, 140, 142, 155, 195] 
29 : [] 
fitness : 38280 
