Instalações : Clientes 
0 : [46, 125, 130] 
1 : [] 
2 : [3, 112, 143] 
3 : [] 
4 : [] 
5 : [50, 53, 68, 72, 95, 103, 114, 118, 120, 122, 126, 129, 131, 133, 137, 145, 146, 147, 149] 
6 : [] 
7 : [] 
8 : [11, 12, 15, 18, 22, 25, 39, 41, 43, 45, 51, 52, 59, 75, 78, 84, 100, 102, 108, 109, 111, 121, 124, 134, 141, 144] 
9 : [7, 24] 
10 : [] 
11 : [9, 17, 19, 21, 30, 31, 33, 38, 40, 48, 56, 63, 64, 65, 67, 81, 85, 87, 93, 98, 105, 107, 113, 115, 140] 
12 : [] 
13 : [47, 123] 
14 : [8, 135] 
15 : [] 
16 : [] 
17 : [83, 139] 
18 : [] 
19 : [14, 23, 26, 57, 58, 73, 86, 90, 92, 94, 96, 101, 104, 106, 128, 136, 148] 
20 : [0, 1, 2, 4, 5, 6, 13, 16, 20, 32, 34, 35, 54, 55, 60, 62, 70, 71, 77, 80, 82, 88, 97, 99, 110, 138, 142] 
21 : [] 
22 : [] 
23 : [] 
24 : [10, 27, 28, 29, 36, 37, 42, 44, 61, 66, 69, 74, 76, 79, 89, 91, 116, 117, 119, 127, 132] 
25 : [] 
26 : [] 
27 : [] 
28 : [49] 
29 : [] 
fitness : 14828 
