Instalações : Clientes 
0 : [] 
1 : [0] 
2 : [1, 30, 47, 52, 89, 117, 138, 147, 176, 179, 186] 
3 : [7, 12, 16, 24, 27, 34, 77, 86, 88, 94, 95, 102, 107, 132, 135, 140, 141, 151, 157, 180, 195] 
4 : [2, 11, 54, 80, 85, 113, 116, 123, 192] 
5 : [] 
6 : [5, 81, 110] 
7 : [3, 8, 10, 14, 72, 83, 87, 120, 124, 133, 142, 153, 155, 197] 
8 : [] 
9 : [] 
10 : [] 
11 : [25, 33, 42, 45, 51, 62, 65, 68, 71, 84, 103, 104, 109, 122, 127, 136, 149, 159, 170, 183, 185, 187, 191] 
12 : [] 
13 : [4, 21, 28, 49, 50, 56, 59, 66, 73, 78, 79, 92, 93, 114, 148, 156, 168, 182] 
14 : [] 
15 : [15, 23, 29, 32, 63, 69, 76, 96, 121, 128, 144, 163, 164, 174, 175, 190] 
16 : [] 
17 : [112, 130, 134, 146, 150, 154, 160, 177, 193] 
18 : [] 
19 : [9, 20, 35, 158] 
20 : [] 
21 : [] 
22 : [61, 98, 105, 171, 189, 196] 
23 : [] 
24 : [] 
25 : [37, 44, 64, 75, 82, 101, 108, 126, 131, 172] 
26 : [22, 26, 31, 43, 57, 67, 74, 90, 99, 100, 111, 115, 118, 129, 137, 139, 143, 152, 165, 166, 169, 173, 184, 188] 
27 : [17, 18, 36, 39, 55, 58, 60, 70, 97, 106, 119, 145, 161, 162, 167, 178, 199] 
28 : [6, 13, 19, 38, 40, 41, 46, 48, 53, 91, 125, 181, 194, 198] 
29 : [] 
fitness : 35053 
