Instalações : Clientes 
0 : [] 
1 : [] 
2 : [] 
3 : [] 
4 : [] 
5 : [] 
6 : [] 
7 : [19] 
8 : [] 
9 : [] 
10 : [] 
11 : [61, 62, 63, 64, 65, 66, 67, 68, 71, 72, 73, 76, 78, 79, 80] 
12 : [] 
13 : [] 
14 : [] 
15 : [] 
16 : [4, 6, 7, 9, 20, 21, 22, 24, 25, 26, 27, 29, 34, 42, 43, 44, 45, 46, 47, 49, 50, 51] 
17 : [0, 1, 2, 3, 5, 8, 10, 11, 12, 13, 14, 15, 16, 17, 18, 23, 28, 30, 31, 32, 33, 35, 36, 37, 38, 39, 40, 41, 48, 52, 53, 54, 55, 56, 57, 58, 59, 60, 69, 70, 74, 75, 77, 81, 82, 83, 84, 85, 86, 87, 88] 
18 : [89, 90, 91, 92, 93, 94, 95, 96, 97, 98, 99] 
19 : [] 
fitness : 13079 
