Instalações : Clientes 
0 : [0, 62, 111] 
1 : [9, 20, 21, 47, 61, 85, 87, 106, 170, 172, 195, 198] 
2 : [57, 66, 95, 103, 108, 109, 112, 117, 131, 135, 145, 173, 184, 191] 
3 : [] 
4 : [] 
5 : [3, 22, 49, 50, 65, 70, 81, 86, 90, 121, 134, 141, 152, 155, 157, 160, 161, 169, 189, 193] 
6 : [] 
7 : [] 
8 : [] 
9 : [15, 19, 29, 32, 63, 71, 97, 102, 113, 129, 138, 144, 147, 153, 174, 182, 192, 199] 
10 : [] 
11 : [] 
12 : [1, 13, 26, 43, 58, 73, 74, 88, 89, 94, 99, 124, 142, 176, 185, 188, 194] 
13 : [] 
14 : [8, 23, 31, 78, 80, 82, 92, 93, 123, 128, 136, 143, 151, 165, 177, 180, 187, 196] 
15 : [] 
16 : [114, 120, 130, 139, 159, 164, 197] 
17 : [38, 44, 132, 150, 181] 
18 : [] 
19 : [] 
20 : [2, 10, 11, 12, 16, 17, 24, 27, 37, 42, 45, 46, 48, 52, 55, 60, 68, 79, 83, 84, 91, 98, 110, 156, 167] 
21 : [5, 18, 25, 35, 41, 72, 75, 115, 133, 140, 158, 166] 
22 : [4, 7, 28, 33, 51, 53, 64, 96, 100, 116, 119, 137, 146, 149, 154, 163, 179, 190] 
23 : [] 
24 : [] 
25 : [] 
26 : [36, 39, 40, 56, 67, 69, 77, 107, 118, 122, 126, 148, 171, 175] 
27 : [] 
28 : [] 
29 : [6, 14, 30, 34, 54, 59, 76, 101, 104, 105, 125, 127, 162, 168, 178, 183, 186] 
fitness : 32055 
