Instalações : Clientes 
0 : [] 
1 : [] 
2 : [] 
3 : [] 
4 : [] 
5 : [0, 12, 21, 41, 51, 122, 134, 145, 170, 173, 175, 190] 
6 : [] 
7 : [] 
8 : [] 
9 : [] 
10 : [2, 14, 32, 37, 73, 87, 88, 100, 107, 109, 127, 128, 138, 153, 161, 185, 195] 
11 : [15, 70, 86, 89, 102, 125, 130, 133, 142, 154, 162, 164, 176] 
12 : [] 
13 : [7, 20, 28, 31, 39, 40, 50, 58, 68, 76, 77, 85, 94, 97, 111, 158, 159, 163, 184, 193, 199] 
14 : [] 
15 : [] 
16 : [] 
17 : [] 
18 : [] 
19 : [] 
20 : [24, 25, 66, 93, 98, 117, 120, 129, 165, 166, 172] 
21 : [] 
22 : [16, 22, 63, 75, 81, 115, 126, 146, 149, 150, 167, 168, 189] 
23 : [] 
24 : [3, 4, 46, 52, 54, 56, 60, 65, 69, 72, 91, 101, 103, 113, 152, 157, 187, 194, 196] 
25 : [] 
26 : [] 
27 : [] 
28 : [] 
29 : [] 
30 : [] 
31 : [] 
32 : [8, 11, 19, 29, 35, 44, 45, 59, 67, 90, 95, 104, 118, 124, 131, 140, 148, 171, 174, 179] 
33 : [] 
34 : [] 
35 : [] 
36 : [] 
37 : [] 
38 : [18, 34, 38, 43, 80, 82, 105, 108, 151, 177, 178, 181, 188, 191] 
39 : [49, 55, 64, 106, 114, 137, 192, 198] 
40 : [1, 9, 26, 30, 47, 48, 53, 57, 78, 96, 135, 136, 139, 144, 155, 180, 183] 
41 : [] 
42 : [] 
43 : [] 
44 : [] 
45 : [6, 23, 42, 61, 71, 79, 83, 84, 99, 110, 112, 119, 123, 132, 141, 156, 160, 169, 186, 197] 
46 : [] 
47 : [] 
48 : [] 
49 : [] 
50 : [] 
51 : [] 
52 : [5, 10, 13, 17, 27, 33, 36, 62, 74, 92, 116, 121, 143, 147, 182] 
53 : [] 
54 : [] 
55 : [] 
56 : [] 
57 : [] 
58 : [] 
59 : [] 
fitness : 33550 
