Instalações : Clientes 
0 : [] 
1 : [] 
2 : [] 
3 : [] 
4 : [] 
5 : [0, 52, 66, 74, 75, 77, 87, 94, 136, 145, 152, 156, 164, 166, 168, 170, 180, 190, 197] 
6 : [42, 43, 45, 55, 71, 72, 86, 91, 97, 111, 113, 140, 142, 192, 193, 195] 
7 : [] 
8 : [] 
9 : [] 
10 : [1, 64, 85, 95, 109, 115, 133, 134, 158, 159, 160, 162, 177, 179, 187, 198] 
11 : [3, 12, 35, 59, 61, 62, 65, 69, 70, 83, 89, 92, 93, 102, 103, 114, 117, 121, 127, 130, 132, 143, 144, 149, 155, 183, 184, 194] 
12 : [] 
13 : [] 
14 : [17, 27, 36, 49, 57, 63, 67, 73, 76, 80, 82, 98, 110, 119, 123, 137, 154, 171, 173, 185] 
15 : [] 
16 : [] 
17 : [2, 6, 10, 13, 16, 19, 22, 24, 29, 30, 31, 48, 81, 100, 101, 105, 118, 129, 139, 151, 172, 186, 188, 199] 
18 : [] 
19 : [] 
20 : [] 
21 : [4, 157, 163, 181, 182, 189, 191] 
22 : [] 
23 : [] 
24 : [38, 39, 47, 50, 51, 53, 79, 107, 125, 131, 146, 150, 169, 175, 176] 
25 : [] 
26 : [41, 44, 60, 78, 84, 104, 106, 120, 124, 128, 135, 167, 174, 178] 
27 : [5, 8, 9, 15, 18, 20, 21, 23, 25, 26, 28, 32, 33, 37, 46, 54, 56, 58, 88, 108, 112, 141, 148, 161, 165, 196] 
28 : [7, 11, 14, 34, 40, 68, 90, 96, 99, 116, 122, 126, 138, 147, 153] 
29 : [] 
fitness : 39243 
