Instalações : Clientes 
0 : [] 
1 : [] 
2 : [] 
3 : [] 
4 : [] 
5 : [] 
6 : [23, 32, 33, 35, 36, 37, 38, 50, 51] 
7 : [1, 19, 40, 41, 47, 52, 53, 55, 56, 57, 58, 59, 61, 65, 67, 69, 71, 73, 87] 
8 : [0, 2, 3, 4, 5, 8, 9, 10, 13, 14, 16, 18, 20, 21, 22, 64, 72, 74, 75, 90, 91, 92, 93, 94, 95, 97, 98, 99] 
9 : [] 
10 : [6, 7, 11, 12, 15, 17, 39, 42, 43, 44, 45, 46, 48, 49, 54, 60, 62, 63, 66, 68, 70] 
11 : [] 
12 : [] 
13 : [76, 77, 78, 79, 80, 81, 82, 83, 84, 85, 86, 88, 89] 
14 : [24, 26, 28, 30, 31, 34] 
15 : [] 
16 : [] 
17 : [25, 27, 29, 96] 
18 : [] 
19 : [] 
fitness : 8277 
