Instalações : Clientes 
0 : [0, 21, 23, 39, 40, 50, 51, 52, 53, 56, 61, 79, 105, 107, 129, 141, 151, 153, 169, 188, 189, 190, 191] 
1 : [] 
2 : [6, 29, 33, 47, 101, 125, 126, 131, 146, 147, 150, 157, 163, 175, 181, 182] 
3 : [13, 16, 37, 41, 44, 46, 54, 57, 64, 78, 95, 109, 115, 119, 120, 135, 136, 137, 154, 158, 168, 170, 174, 185] 
4 : [32, 84, 104, 106, 111, 128, 167, 178, 192, 193] 
5 : [] 
6 : [] 
7 : [] 
8 : [] 
9 : [] 
10 : [17, 24, 31, 43, 49, 55, 63, 67, 73, 80, 82, 110, 124, 139, 145, 162, 173, 177, 179] 
11 : [9, 11, 62, 65, 69, 71, 83, 86, 92, 93, 97, 103, 113, 114, 117, 121, 127, 132, 140, 142, 143, 144, 149, 184, 194, 195, 196] 
12 : [] 
13 : [12, 22, 36, 76, 77, 85, 123, 134, 159, 160, 198] 
14 : [] 
15 : [] 
16 : [] 
17 : [7, 8, 10, 14, 15, 19, 27, 28, 30, 45, 48, 60, 68, 81, 94, 98, 118, 122, 172, 176, 199] 
18 : [] 
19 : [] 
20 : [] 
21 : [] 
22 : [] 
23 : [5, 66, 74, 75, 87, 100, 133, 152, 156, 164, 166, 171, 180, 187, 197] 
24 : [] 
25 : [] 
26 : [] 
27 : [1, 2, 3, 4, 18, 20, 25, 26, 34, 38, 58, 59, 70, 88, 89, 108, 112, 130, 148, 165] 
28 : [35, 42, 72, 90, 91, 96, 99, 102, 116, 138, 155, 161, 183, 186] 
29 : [] 
fitness : 36117 
