Instalações : Clientes 
0 : [0, 9, 15, 17, 26, 54, 56, 60, 67, 73, 81, 86, 90, 104, 106, 109, 112, 130, 140, 143, 148] 
1 : [] 
2 : [] 
3 : [2, 4, 6, 12, 13, 14, 23, 32, 51, 70, 100] 
4 : [] 
5 : [5, 7, 21, 27, 36, 42, 44, 50, 53, 61, 72, 74, 95, 103, 116, 118, 119, 132, 147, 149] 
6 : [] 
7 : [] 
8 : [] 
9 : [] 
10 : [] 
11 : [1, 11, 18, 19, 20, 25, 31, 34, 40, 55, 59, 64, 65, 87, 92, 94, 101, 107, 108, 113, 114, 120, 121, 122, 124, 126, 128, 134, 141, 146] 
12 : [] 
13 : [] 
14 : [49, 62, 71, 75, 77, 80, 82, 88, 110, 123, 135, 138, 142, 144] 
15 : [] 
16 : [] 
17 : [3, 16, 35, 39, 41, 45, 47, 52, 83, 85, 96, 102, 139] 
18 : [] 
19 : [] 
20 : [] 
21 : [] 
22 : [] 
23 : [] 
24 : [] 
25 : [] 
26 : [] 
27 : [33, 38, 46, 48, 58, 63, 76, 84, 93, 97, 98, 99, 111, 125, 127, 133, 136] 
28 : [] 
29 : [8, 10, 22, 24, 28, 29, 30, 37, 43, 57, 66, 68, 69, 78, 79, 89, 91, 105, 115, 117, 129, 131, 137, 145] 
fitness : 20298 
