Instalações : Clientes 
0 : [0] 
1 : [] 
2 : [] 
3 : [] 
4 : [28, 121, 142, 150, 154, 178, 180, 183, 188, 190, 193] 
5 : [] 
6 : [] 
7 : [136] 
8 : [34, 36, 43, 54, 56, 61, 75, 79, 81, 88, 91, 96, 99, 100, 104, 106, 124, 126, 134, 138, 140, 146, 148, 152, 167, 177, 187, 195] 
9 : [22, 62, 66, 68, 72, 78, 84, 95, 97, 101, 103, 108, 115, 117, 122, 128, 133, 155, 160, 162, 170, 197] 
10 : [174] 
11 : [20, 172, 196] 
12 : [3, 6, 39, 82, 83, 85, 94, 102, 105, 110, 114, 123, 125, 129, 137, 151, 153, 156, 165, 168, 176, 179, 182, 184, 192, 194] 
13 : [173, 175] 
14 : [] 
15 : [107, 109, 119, 127, 135, 139, 145, 147, 186, 191, 198] 
16 : [] 
17 : [] 
18 : [] 
19 : [] 
20 : [] 
21 : [1, 4, 8, 9, 14, 15, 24, 30, 37, 38, 40, 42, 44, 49, 50, 51, 52, 64, 65, 73, 74, 80, 86, 92, 93, 98, 111, 112, 113, 132, 159, 161, 166] 
22 : [] 
23 : [57] 
24 : [] 
25 : [163, 171, 181] 
26 : [2, 5, 7, 10, 11, 12, 13, 16, 17, 18, 19, 21, 23, 25, 26, 27, 29, 31, 32, 33, 35, 41, 45, 46, 48, 53, 55, 58, 59, 60, 63, 67, 69, 70, 71, 76, 77, 87, 89, 90, 116, 118, 120, 130, 131, 141, 143, 144, 149, 157, 158, 164, 169, 185, 189] 
27 : [] 
28 : [47, 199] 
29 : [] 
fitness : 33833 
