Instalações : Clientes 
0 : [0, 12, 16, 27, 37, 46, 73, 86, 91, 100, 109, 110, 123, 128, 141, 148, 170, 172, 175, 176, 181, 193] 
1 : [] 
2 : [19, 32, 33, 39, 52, 61, 67, 78, 79, 92, 103, 108, 127, 134, 155, 159, 165, 173] 
3 : [2, 3, 4, 7, 30, 31, 36, 47, 55, 60, 65, 69, 70, 74, 75, 76, 77, 94, 95, 98, 104, 105, 114, 144, 168, 188] 
4 : [] 
5 : [] 
6 : [] 
7 : [14, 111, 130, 177] 
8 : [] 
9 : [] 
10 : [10, 20, 50, 53, 63, 81, 83, 97, 120, 131, 150, 163, 167, 171, 179, 180, 182, 187, 196, 197] 
11 : [5, 15, 35, 43, 57, 62, 71, 89, 96, 101, 107, 145, 147, 158, 164, 185, 190] 
12 : [18, 24, 26, 28, 34, 38, 72, 90, 119, 125, 132, 136, 139, 152, 195, 199] 
13 : [] 
14 : [] 
15 : [] 
16 : [] 
17 : [] 
18 : [1, 48, 54, 56, 82, 84, 85, 99, 133, 140, 153, 161, 189] 
19 : [8, 13, 17, 22, 23, 41, 51, 87, 106, 118, 121, 124, 129, 146, 151, 166, 178, 183, 184] 
20 : [] 
21 : [] 
22 : [] 
23 : [] 
24 : [29, 40, 42, 49, 59, 68, 80, 115, 116, 122, 149, 156, 157, 169, 198] 
25 : [6, 102, 112, 113, 117, 135, 138, 142, 154, 160, 191] 
26 : [] 
27 : [] 
28 : [9, 11, 21, 25, 44, 45, 58, 64, 66, 88, 93, 126, 137, 143, 162, 174, 186, 192, 194] 
29 : [] 
fitness : 30084 
