Instalações : Clientes 
0 : [] 
1 : [] 
2 : [0, 1, 5, 14, 41, 42, 58, 82] 
3 : [38, 54, 55, 75] 
4 : [17, 24, 64, 87] 
5 : [2, 63, 86] 
6 : [16] 
7 : [] 
8 : [27, 39, 44, 65, 68, 76, 88] 
9 : [20, 36, 57, 79] 
10 : [] 
11 : [] 
12 : [4, 19, 25, 48, 73, 85] 
13 : [] 
14 : [] 
15 : [] 
16 : [] 
17 : [7, 49, 53, 69] 
18 : [] 
19 : [3, 10, 13, 56] 
20 : [31, 70] 
21 : [28, 30, 32, 37, 43, 45, 52, 59] 
22 : [] 
23 : [22, 33, 35, 51, 67] 
24 : [18, 34, 50, 60, 62, 66, 71, 78] 
25 : [9, 11, 12, 26, 29, 61, 74] 
26 : [] 
27 : [6, 15, 21, 23, 46, 81, 83, 89] 
28 : [8, 40, 47, 72, 77, 80, 84] 
29 : [] 
fitness : 89957 
