Instalações : Clientes 
0 : [] 
1 : [0, 43, 44, 54, 87, 106, 107, 115, 127, 168, 170, 181, 198] 
2 : [] 
3 : [6, 9, 11, 13, 17, 32, 47, 49, 85, 101, 125, 142, 172, 183, 185, 199] 
4 : [] 
5 : [2, 3, 7, 22, 46, 55, 57, 74, 86, 88, 89, 108, 131, 134, 141, 157, 161, 169, 176, 189, 190] 
6 : [] 
7 : [] 
8 : [] 
9 : [10, 12, 14, 15, 18, 35, 62, 63, 71, 93, 102, 113, 143, 144, 174, 180, 182, 192] 
10 : [4, 28, 31, 33, 36, 45, 50, 61, 67, 75, 80, 111, 119, 120] 
11 : [] 
12 : [20, 26, 30, 37, 38, 65, 70, 73, 81, 99, 121, 132, 137, 140, 145, 150, 188, 194] 
13 : [42, 48, 51, 53, 64, 66, 90, 95, 100, 103, 104, 109, 116, 130, 146, 149, 152, 154, 155, 163, 184, 191, 193] 
14 : [40, 77, 78, 84, 92, 114, 118, 123, 126, 128, 129, 136, 147, 148, 151, 165, 187, 196] 
15 : [19, 29, 72, 124, 153, 166] 
16 : [112, 117, 135, 139, 159, 164, 173, 175] 
17 : [] 
18 : [] 
19 : [25, 58, 76, 82, 97, 105, 162, 178] 
20 : [8, 16, 21, 23, 24, 27, 39, 52, 56, 60, 68, 69, 79, 83, 91, 94, 98, 110, 122, 156, 167, 171, 177] 
21 : [1, 5, 34, 41, 59, 133, 138, 158, 186] 
22 : [] 
23 : [] 
24 : [] 
25 : [96, 160, 179, 195, 197] 
26 : [] 
27 : [] 
28 : [] 
29 : [] 
fitness : 32374 
