Instalações : Clientes 
0 : [0, 11, 23, 26, 27, 68, 81, 94, 100, 105, 116, 118, 122, 129, 131, 138, 150, 153, 176, 188] 
1 : [] 
2 : [] 
3 : [] 
4 : [] 
5 : [2, 13, 22, 24, 29, 46, 61, 66, 67, 74, 75, 87, 98, 109, 134, 136, 139, 145, 152, 156, 158, 160, 164, 166, 168, 180, 187, 190] 
6 : [] 
7 : [] 
8 : [] 
9 : [] 
10 : [17, 37, 64, 77, 80, 95, 115, 133, 137, 151, 162, 170, 171, 173, 177, 179] 
11 : [14, 15, 31, 32, 35, 43, 48, 49, 59, 62, 65, 70, 83, 89, 90, 92, 93, 96, 103, 114, 117, 121, 127, 130, 132, 142, 144, 155, 186, 196] 
12 : [41, 42, 55, 56, 69, 71, 72, 86, 91, 97, 102, 106, 111, 113, 140, 143, 149, 178, 183, 184, 192, 193, 194, 195] 
13 : [] 
14 : [10, 57, 60, 82, 84, 104, 110, 123, 124, 128, 167, 172, 174, 199] 
15 : [] 
16 : [38, 125, 146] 
17 : [] 
18 : [] 
19 : [] 
20 : [12, 16, 36, 44, 45, 54, 63, 73, 76, 78, 85, 119, 120, 135, 154, 159, 185, 198] 
21 : [4, 6, 21, 33, 39, 47, 51, 52, 53, 79, 101, 107, 126, 147, 157, 163, 169, 175, 181, 182, 189, 191, 197] 
22 : [] 
23 : [] 
24 : [] 
25 : [] 
26 : [] 
27 : [1, 3, 5, 7, 8, 9, 18, 19, 20, 25, 28, 30, 34, 40, 50, 58, 88, 99, 108, 112, 141, 148, 161, 165] 
28 : [] 
29 : [] 
fitness : 40830 
