Instalações : Clientes 
0 : [2, 3, 9, 19, 23, 29, 34, 61, 66, 74, 94, 107, 110, 126, 153, 157, 166, 176, 180, 188, 191, 198] 
1 : [] 
2 : [6, 22, 39, 45, 47, 52, 53, 87, 101, 145, 147, 156, 163, 169, 189, 197] 
3 : [12, 13, 16, 24, 37, 44, 57, 64, 75, 76, 95, 109, 119, 120, 134, 136, 137, 154, 158, 159, 162, 168, 170] 
4 : [] 
5 : [] 
6 : [10, 31, 32, 43, 48, 68, 72, 97, 104, 111, 128, 155, 167, 192, 193] 
7 : [] 
8 : [] 
9 : [] 
10 : [] 
11 : [5, 11, 15, 35, 40, 49, 56, 59, 62, 65, 69, 70, 83, 84, 89, 92, 96, 103, 114, 117, 121, 123, 127, 144, 183, 184, 194] 
12 : [14, 28, 30, 42, 55, 71, 86, 91, 93, 99, 102, 106, 113, 130, 132, 140, 142, 143, 149, 178, 186, 195, 196] 
13 : [] 
14 : [] 
15 : [] 
16 : [] 
17 : [60, 77, 80, 81, 90, 100, 116, 118, 122, 124, 129, 139, 152, 172, 187, 199] 
18 : [] 
19 : [] 
20 : [17, 36, 41, 46, 54, 63, 67, 73, 78, 82, 85, 115, 133, 135, 160, 164, 171, 173, 174, 177, 179, 185] 
21 : [] 
22 : [] 
23 : [] 
24 : [21, 33, 38, 51, 98, 105, 108, 125, 131, 146, 150, 151, 175, 181, 182, 190] 
25 : [] 
26 : [] 
27 : [0, 1, 4, 7, 8, 18, 20, 25, 26, 27, 50, 58, 79, 88, 112, 138, 141, 148, 161, 165] 
28 : [] 
29 : [] 
fitness : 42215 
