Instalações : Clientes 
0 : [] 
1 : [] 
2 : [] 
3 : [] 
4 : [0, 71, 84, 91, 111, 123, 167, 178] 
5 : [13, 16, 22, 61, 66, 74, 75, 77, 85, 87, 95, 98, 109, 134, 136, 145, 152, 164, 166, 168, 170, 180, 187] 
6 : [] 
7 : [] 
8 : [] 
9 : [] 
10 : [] 
11 : [] 
12 : [] 
13 : [] 
14 : [12, 17, 27, 36, 41, 49, 54, 57, 67, 73, 80, 82, 119, 139, 151, 172, 173, 179] 
15 : [2, 3, 4, 6, 21, 29, 33, 39, 51, 53, 81, 94, 101, 108, 125, 131, 146, 147, 156, 157, 182, 191] 
16 : [] 
17 : [] 
18 : [] 
19 : [48, 55, 60, 72, 86, 97, 100, 104, 106, 110, 113, 118, 124, 128, 183, 184, 186, 192, 193, 199] 
20 : [24, 37, 44, 46, 63, 64, 76, 78, 120, 133, 137, 154, 158, 159, 160, 162, 171, 177, 185, 198] 
21 : [1, 5, 8, 23, 38, 47, 50, 52, 88, 105, 126, 150, 153, 163, 169, 175, 176, 181, 188, 189, 190, 197] 
22 : [] 
23 : [] 
24 : [] 
25 : [62, 65, 69, 83, 89, 92, 93, 102, 103, 114, 117, 132, 140, 143, 144, 149, 194, 196] 
26 : [115, 135, 174, 195] 
27 : [7, 10, 15, 18, 19, 20, 25, 26, 28, 30, 31, 32, 34, 35, 40, 42, 43, 45, 56, 58, 59, 70, 79, 96, 107, 112, 121, 141, 148, 161, 165] 
28 : [9, 11, 14, 68, 90, 99, 116, 122, 127, 129, 130, 138, 142, 155] 
29 : [] 
fitness : 34918 
