Instalações : Clientes 
0 : [104, 198] 
1 : [] 
2 : [] 
3 : [] 
4 : [5, 19, 23, 24, 26, 31, 38, 39, 41, 44, 46, 48, 49, 50, 51, 52, 53, 54, 59, 61, 63, 64, 66, 67, 71, 73, 85, 86, 87, 92, 97, 98, 102, 111, 113, 135, 142, 146, 147, 150, 158, 167, 173, 177, 178, 180, 181, 190, 193, 194] 
5 : [45, 62, 72, 77, 78, 82, 84, 120, 121, 125, 133, 136, 157, 168, 172, 174] 
6 : [68] 
7 : [] 
8 : [6, 10, 12, 13, 22, 28, 29, 32, 33, 34, 36, 40, 56, 75, 79, 81, 88, 99, 100, 107, 119, 124, 138, 139, 154, 163, 169, 182, 184, 187, 195] 
9 : [] 
10 : [] 
11 : [] 
12 : [14, 21, 27, 70, 101, 123, 155, 156, 160, 161, 162, 170, 171, 196, 197] 
13 : [47, 55, 60, 65, 74, 89, 90, 93, 94, 103, 105, 108, 110, 114, 115, 116, 117, 128, 129, 131, 137, 140, 143, 149, 151, 153, 175, 176, 189] 
14 : [] 
15 : [18, 35, 83, 91, 96, 109, 126, 127, 130, 148, 152, 179, 186, 188, 191, 192] 
16 : [] 
17 : [] 
18 : [106, 118, 122, 132, 159, 164, 165, 183, 199] 
19 : [] 
20 : [] 
21 : [42] 
22 : [57] 
23 : [76] 
24 : [] 
25 : [] 
26 : [0, 1, 2, 3, 4, 7, 8, 9, 11, 15, 16, 17, 20, 25, 30, 37, 43, 58, 69, 80, 95, 112, 134, 141, 144, 145, 166, 185] 
27 : [] 
28 : [] 
29 : [] 
fitness : 31568 
