Instalações : Clientes 
0 : [0, 25, 30, 39, 46, 58, 64, 79, 82, 86, 94, 109, 110, 133, 137, 159, 161, 175, 176, 189, 193] 
1 : [88, 136, 140, 152, 186, 192] 
2 : [67, 78, 81, 83, 92, 100, 111, 127, 128, 143, 148, 155, 165, 172, 173] 
3 : [1, 2, 5, 6, 8, 9, 12, 15, 16, 20, 23, 27, 28, 38, 48, 50, 52, 55, 61, 66, 76, 93, 99, 104, 107, 119, 120, 122, 134, 135, 149, 167, 168, 182, 187, 199] 
4 : [] 
5 : [18, 21, 24, 34, 56, 72, 74, 75, 87, 98, 101, 102, 113, 125, 126, 132, 138, 139, 154, 162, 196] 
6 : [] 
7 : [] 
8 : [] 
9 : [] 
10 : [3, 31, 47, 63, 65, 71, 90, 97, 103, 105, 108, 147, 153, 158, 163, 179, 190] 
11 : [4, 13, 33, 35, 36, 40, 43, 59, 69, 70, 73, 77, 80, 95, 115, 144, 180, 185] 
12 : [] 
13 : [] 
14 : [] 
15 : [7, 11, 14, 19, 42, 49, 51, 60, 68, 96, 114, 116, 129, 130, 131, 142, 150, 156, 169, 177, 188, 197, 198] 
16 : [] 
17 : [41, 62, 112, 118, 145, 151, 157, 181, 191, 195] 
18 : [32, 37, 44, 45, 54, 84, 85, 91, 123, 141, 170, 174, 194] 
19 : [10, 17, 22, 26, 29, 53, 57, 89, 106, 117, 121, 124, 146, 160, 164, 166, 171, 178, 183, 184] 
20 : [] 
21 : [] 
22 : [] 
23 : [] 
24 : [] 
25 : [] 
26 : [] 
27 : [] 
28 : [] 
29 : [] 
fitness : 30312 
