Instalações : Clientes 
0 : [] 
1 : [] 
2 : [] 
3 : [] 
4 : [] 
5 : [0, 22, 50, 61, 66, 73, 75, 80, 98, 109, 115, 134, 137, 138, 145, 152, 154, 156, 160, 162, 163, 164, 166, 170, 171, 180, 187, 190, 197] 
6 : [42, 48, 55, 60, 68, 72, 86, 91, 97, 111, 113, 114, 183, 192, 193, 195, 199] 
7 : [1, 2, 3, 4, 6, 8, 9, 14, 15, 19, 25, 40, 58, 59, 62, 70, 79, 89, 92, 103, 194, 196] 
8 : [] 
9 : [] 
10 : [] 
11 : [7, 10, 11, 13, 16, 20, 27, 32, 34, 36, 45, 90, 96, 116, 127, 130, 140, 142, 143, 155, 184, 186] 
12 : [] 
13 : [] 
14 : [49, 54, 57, 63, 67, 82, 84, 118, 122, 124, 128, 129, 133, 139, 158, 159, 167, 172, 177, 179] 
15 : [] 
16 : [] 
17 : [] 
18 : [] 
19 : [30, 31, 43, 99, 100, 104, 106, 110, 120, 123, 135, 151, 174, 178, 198] 
20 : [12, 17, 24, 28, 37, 41, 44, 46, 64, 76, 77, 78, 85, 95, 119, 136, 168, 173, 185] 
21 : [21, 29, 33, 38, 39, 47, 51, 52, 53, 74, 87, 94, 101, 125, 131, 147, 153, 157, 169, 175, 176, 181, 182, 189, 191] 
22 : [] 
23 : [] 
24 : [18, 81, 88, 105, 107, 108, 112, 126, 141, 146, 148, 150, 161, 165, 188] 
25 : [5, 23, 26, 35, 56, 65, 69, 71, 83, 93, 102, 117, 121, 132, 144, 149] 
26 : [] 
27 : [] 
28 : [] 
29 : [] 
fitness : 40837 
