Instalações : Clientes 
0 : [17, 23, 25, 70, 80, 81, 82] 
1 : [] 
2 : [1, 2, 12, 39, 42, 51, 59, 86] 
3 : [13, 14, 24, 55, 67, 74] 
4 : [53, 57, 58] 
5 : [] 
6 : [40] 
7 : [7, 41, 52] 
8 : [0, 3, 8, 18, 66, 68, 76, 78, 89] 
9 : [] 
10 : [6, 9, 22, 45, 64, 72, 79] 
11 : [] 
12 : [19, 50, 56, 63, 73] 
13 : [] 
14 : [] 
15 : [] 
16 : [20, 37] 
17 : [31, 69, 75, 85] 
18 : [] 
19 : [10, 65, 87] 
20 : [11] 
21 : [] 
22 : [44] 
23 : [] 
24 : [26, 34, 35, 54, 60, 62, 77] 
25 : [5, 16, 29, 61, 88] 
26 : [] 
27 : [4, 15, 21, 30, 32, 33, 36, 38, 46, 71, 83] 
28 : [27, 28, 43, 47, 48, 49, 84] 
29 : [] 
fitness : 93910 
