Instalações : Clientes 
0 : [0, 51, 64, 70, 96, 97, 98, 99, 119, 161, 179, 187] 
1 : [18, 65, 102, 103, 140] 
2 : [] 
3 : [] 
4 : [] 
5 : [] 
6 : [] 
7 : [] 
8 : [] 
9 : [] 
10 : [3, 39, 63, 68, 88, 106, 112, 154, 165, 194] 
11 : [16, 24, 30, 67, 82, 94, 95, 111, 121, 125, 134, 139, 141, 162, 164, 183, 184, 193] 
12 : [] 
13 : [] 
14 : [] 
15 : [] 
16 : [36, 40, 56, 59, 60, 79, 109, 116, 143, 151, 158, 174, 180, 181, 189, 190] 
17 : [] 
18 : [45, 53, 78, 107, 137, 144, 146, 152] 
19 : [] 
20 : [120, 138, 142, 153, 156, 157, 169, 172, 178, 185, 198] 
21 : [] 
22 : [33, 77, 92, 104, 129, 186, 191, 197] 
23 : [10, 14, 15, 48, 54, 55, 76, 87, 89, 113, 149, 160, 167, 173, 175, 195] 
24 : [] 
25 : [] 
26 : [2, 4, 8, 11, 12, 22, 23, 26, 52, 61, 75, 108, 127, 163, 177, 188, 196] 
27 : [] 
28 : [20, 73, 84, 110, 123, 128, 131, 135, 145, 147, 148] 
29 : [] 
30 : [5, 13, 28, 29, 31, 57, 62, 69, 72, 114, 117, 150, 155, 168, 170, 192, 199] 
31 : [] 
32 : [] 
33 : [1, 19, 43, 71, 74, 81, 118, 126, 171] 
34 : [] 
35 : [] 
36 : [9, 17, 21, 32, 42, 44, 66, 90, 93, 105, 130, 166] 
37 : [] 
38 : [6, 7, 27] 
39 : [] 
40 : [] 
41 : [] 
42 : [] 
43 : [] 
44 : [25, 35, 41, 46, 49, 50, 58, 80, 85, 101, 122, 133, 136, 159, 176, 182] 
45 : [] 
46 : [] 
47 : [] 
48 : [] 
49 : [] 
50 : [] 
51 : [] 
52 : [] 
53 : [] 
54 : [] 
55 : [] 
56 : [] 
57 : [] 
58 : [34, 37, 38, 47, 83, 86, 91, 100, 115, 124, 132] 
59 : [] 
fitness : 33220 
