Instalações : Clientes 
0 : [] 
1 : [0, 29, 34, 43, 71, 81, 93, 97, 115, 127, 140, 151, 172, 175, 178] 
2 : [] 
3 : [9, 14, 32, 54, 59, 62, 73, 113, 162, 181, 192, 198, 199] 
4 : [10, 23, 26, 27, 41, 58, 163] 
5 : [] 
6 : [] 
7 : [] 
8 : [31, 45, 78, 80, 82, 91, 124, 197] 
9 : [] 
10 : [49, 61, 106, 107, 111, 170, 173, 177, 182, 187] 
11 : [] 
12 : [13, 15, 20, 21, 38, 63, 65, 70, 76, 88, 89, 99, 101, 142, 168, 194] 
13 : [2, 4, 6, 8, 11, 16, 22, 40, 42, 48, 60, 86, 95, 125, 134, 145, 152, 154, 155, 157, 160, 169, 189, 193] 
14 : [118, 123, 126, 128, 129, 136, 138, 143, 144, 153, 159, 165, 166, 174, 180, 186] 
15 : [5, 18, 72, 133, 158] 
16 : [67, 75, 77, 85, 94, 100, 147, 196] 
17 : [35, 121, 132, 150, 188] 
18 : [7, 33, 51, 57, 64, 96, 104, 112, 130, 135, 146, 149, 179, 190, 191] 
19 : [] 
20 : [1, 3, 12, 17, 24, 36, 39, 44, 52, 56, 68, 69, 79, 83, 84, 90, 92, 98, 102, 110, 122, 148, 156, 164, 167, 171] 
21 : [] 
22 : [28, 37, 46, 53, 55, 66, 74, 103, 108, 116, 119, 131, 137, 141, 176, 184, 195] 
23 : [] 
24 : [] 
25 : [19, 25, 30, 47, 50, 87, 105, 109, 114, 117, 120, 139, 161] 
26 : [] 
27 : [] 
28 : [183, 185] 
29 : [] 
fitness : 33148 
