Instalações : Clientes 
0 : [] 
1 : [0, 34, 36, 54, 77, 84, 106, 111, 113, 140, 170, 174, 183, 199] 
2 : [37, 48, 49, 51, 53, 57, 66, 90, 95, 103, 137, 139, 149, 179, 191] 
3 : [23, 24, 39, 44, 45, 47, 58, 60, 61, 67, 87, 101, 107, 115, 136, 166, 198] 
4 : [] 
5 : [3, 12, 16, 55, 65, 70, 100, 131, 134, 152, 157, 160, 161, 169, 189] 
6 : [] 
7 : [] 
8 : [82, 94, 112, 117, 156, 163] 
9 : [18, 19, 29, 41, 56, 59, 71, 72, 79, 83, 92, 102, 123, 126, 129, 133, 143, 151, 165, 182, 187] 
10 : [10, 11, 26, 31, 52, 68, 120, 147, 159, 173, 185] 
11 : [] 
12 : [1, 6, 17, 22, 30, 38, 50, 73, 74, 81, 88, 99, 105, 121, 130, 145, 168, 181, 188, 194] 
13 : [2, 4, 7, 8, 27, 28, 32, 33, 42, 46, 64, 80, 96, 104, 108, 109, 114, 116, 119, 135, 146, 154, 155, 176, 184, 190, 193, 195] 
14 : [] 
15 : [] 
16 : [69, 91, 98, 110, 128, 164, 175, 177, 180, 197] 
17 : [13, 86, 89, 132, 141, 142, 150] 
18 : [] 
19 : [5, 15, 25, 62, 63, 78, 93, 138, 144, 153, 158, 162, 186] 
20 : [] 
21 : [] 
22 : [] 
23 : [] 
24 : [] 
25 : [] 
26 : [118, 122, 148, 167, 171, 196] 
27 : [] 
28 : [] 
29 : [9, 14, 20, 21, 35, 40, 43, 75, 76, 85, 97, 124, 125, 127, 172, 178, 192] 
fitness : 33037 
