Instalações : Clientes 
0 : [17, 19, 40, 56, 60, 64, 67, 81, 83, 85, 86, 90, 92, 101, 102, 107, 112, 113, 130, 139, 140, 148] 
1 : [] 
2 : [] 
3 : [] 
4 : [] 
5 : [5, 11, 18, 28, 31, 50, 53, 61, 72, 89, 98, 103, 105, 114, 120, 122, 126, 145, 146, 147, 149] 
6 : [] 
7 : [] 
8 : [0, 2, 3, 4, 6, 12, 13, 15, 25, 34, 35, 47, 54, 55, 62, 70, 71, 75, 77, 80, 88, 121, 123, 134, 138, 141, 142, 144] 
9 : [] 
10 : [] 
11 : [] 
12 : [] 
13 : [] 
14 : [1, 9, 10, 16, 39, 41, 43, 45, 49, 52, 59, 73, 82, 84, 99, 100, 108, 110, 111, 124, 125, 135, 143] 
15 : [] 
16 : [] 
17 : [] 
18 : [] 
19 : [8, 14, 20, 23, 26, 32, 46, 51, 78, 96, 97, 104, 109] 
20 : [] 
21 : [] 
22 : [] 
23 : [] 
24 : [7, 21, 24, 27, 29, 36, 37, 42, 44, 57, 65, 66, 68, 69, 74, 76, 79, 91, 95, 115, 116, 117, 118, 119, 127, 132, 137] 
25 : [] 
26 : [] 
27 : [22, 30, 33, 38, 48, 58, 63, 87, 93, 94, 106, 128, 129, 131, 133, 136] 
28 : [] 
29 : [] 
fitness : 16496 
