Instalações : Clientes 
0 : [0, 53, 64, 119, 133, 155, 168] 
1 : [] 
2 : [] 
3 : [23, 103, 113, 120, 124, 132, 142, 153, 157, 165, 172, 188] 
4 : [] 
5 : [] 
6 : [] 
7 : [] 
8 : [14, 18, 34, 38, 50, 61, 67, 99, 110, 123, 141, 143, 145, 147, 151, 158, 187, 189, 199] 
9 : [] 
10 : [] 
11 : [] 
12 : [] 
13 : [9, 17, 22, 32, 39, 107, 138, 144, 152, 166, 176, 178] 
14 : [] 
15 : [] 
16 : [52, 56, 59, 63, 68, 71, 74, 78, 90, 92, 102, 109, 116, 129, 169, 185, 196, 198] 
17 : [] 
18 : [] 
19 : [] 
20 : [] 
21 : [] 
22 : [45, 93, 100, 106, 150, 186, 197] 
23 : [15, 43, 54, 55, 75, 82, 85, 87, 89, 115, 121, 134, 149, 160, 162, 173, 195] 
24 : [] 
25 : [24, 47, 73, 80, 84, 98, 128, 131, 135, 180, 184, 192] 
26 : [1, 3, 6, 8, 10, 13, 16, 19, 31, 37, 40, 48, 76, 88, 95, 108, 167] 
27 : [] 
28 : [2, 30, 86, 94, 111, 125, 139, 148, 163, 164, 174, 175, 190, 193] 
29 : [] 
30 : [33, 42, 44, 57, 77, 79, 105, 122, 130, 137] 
31 : [28, 70, 97, 179] 
32 : [] 
33 : [] 
34 : [] 
35 : [] 
36 : [] 
37 : [] 
38 : [] 
39 : [60, 181] 
40 : [81, 126, 140, 154, 171, 177, 194] 
41 : [] 
42 : [] 
43 : [] 
44 : [7, 12, 21, 27, 29, 35, 36, 41, 66, 69, 104, 114, 136, 146, 156, 159, 170, 182, 191] 
45 : [] 
46 : [] 
47 : [] 
48 : [] 
49 : [] 
50 : [] 
51 : [] 
52 : [] 
53 : [4, 5, 20, 25, 49, 51, 58, 62, 72, 96, 101, 161, 183] 
54 : [] 
55 : [] 
56 : [] 
57 : [] 
58 : [11, 26, 46, 65, 83, 91, 112, 117, 118, 127] 
59 : [] 
fitness : 34428 
