Instalações : Clientes 
0 : [] 
1 : [] 
2 : [55, 165, 173, 176] 
3 : [2, 3, 11, 15, 19, 20, 21, 23, 25, 27, 32, 33, 34, 38, 39, 44, 48, 50, 52, 54, 56, 61, 62, 67, 69, 74, 75, 78, 79, 83, 85, 92, 100, 101, 103, 104, 105, 108, 110, 113, 122, 127, 130, 132, 135, 143, 144, 153, 155, 161, 181] 
4 : [] 
5 : [] 
6 : [] 
7 : [] 
8 : [] 
9 : [1, 30, 46, 58, 73, 84, 123, 126, 174, 175, 186, 193] 
10 : [7, 9, 14, 16, 35, 42, 59, 65, 76, 80, 81, 94, 102, 163, 168, 179, 180, 190, 191] 
11 : [10, 18, 22, 28, 40, 47, 49, 51, 53, 60, 63, 71, 97, 107, 114, 120, 131, 142, 147, 149, 157, 158, 187, 188] 
12 : [24, 29, 37, 95, 98, 128, 139, 140, 152, 192, 196, 199] 
13 : [] 
14 : [12, 45, 66, 82, 86, 90, 112, 133, 134, 138, 154] 
15 : [] 
16 : [] 
17 : [] 
18 : [] 
19 : [13, 26, 31, 36, 41, 57, 89, 106, 117, 119, 129, 160, 164, 166, 183, 195] 
20 : [5, 171] 
21 : [] 
22 : [0, 4, 6, 8, 17, 43, 87, 96, 115, 116, 118, 121, 124, 145, 146, 151, 178, 184, 185, 197, 198] 
23 : [] 
24 : [] 
25 : [] 
26 : [] 
27 : [] 
28 : [64, 72, 88, 91, 93, 99, 109, 125, 136, 137, 141, 148, 159, 162, 170, 172, 189, 194] 
29 : [68, 70, 77, 111, 150, 156, 167, 169, 177, 182] 
fitness : 30296 
