Instalações : Clientes 
0 : [0, 12, 30, 37, 44, 46, 66, 82, 84, 85, 91, 93, 94, 109, 133, 141, 148, 170, 172, 174, 189, 193] 
1 : [] 
2 : [16, 23, 27, 32, 33, 39, 45, 54, 78, 81, 83, 86, 100, 110, 123, 143, 159, 165, 173, 175, 176, 194] 
3 : [1, 2, 3, 4, 21, 25, 41, 53, 55, 58, 61, 63, 73, 76, 79, 90, 92, 103, 104, 105, 107, 108, 114, 120, 122, 135, 161, 162, 181, 199] 
4 : [] 
5 : [34, 57, 72, 75, 98, 102, 119, 126, 132, 138, 139, 154, 186, 195, 196] 
6 : [] 
7 : [] 
8 : [] 
9 : [] 
10 : [5, 6, 7, 13, 19, 47, 48, 52, 60, 69, 70, 74, 95, 127, 130, 131, 163, 168, 169, 180, 182] 
11 : [11, 22, 29, 35, 43, 49, 65, 67, 80, 97, 106, 144, 145, 147, 149, 153, 158, 164, 179, 185, 187, 188, 190] 
12 : [9, 18, 24, 28, 38, 56, 64, 88, 128, 136, 137, 140, 152, 192] 
13 : [10, 40, 77, 156, 167, 177] 
14 : [] 
15 : [] 
16 : [] 
17 : [] 
18 : [] 
19 : [] 
20 : [8, 87, 89, 101, 112, 117, 125, 171] 
21 : [] 
22 : [17, 26, 31, 36, 51, 62, 96, 113, 118, 121, 124, 129, 146, 151, 157, 160, 166, 178, 183, 184, 191] 
23 : [] 
24 : [14, 15, 20, 42, 50, 59, 68, 71, 115, 116, 142, 150, 197, 198] 
25 : [] 
26 : [] 
27 : [99, 111, 134, 155] 
28 : [] 
29 : [] 
fitness : 30327 
