Instalações : Clientes 
0 : [54, 61, 76, 78, 83, 88, 99, 111, 119, 135, 154, 178, 188, 190, 192, 198] 
1 : [168, 174] 
2 : [] 
3 : [1, 2, 26, 32, 93, 117, 125, 143, 149, 151, 157, 158, 159, 165, 171] 
4 : [3, 4, 5, 6, 8, 9, 12, 13, 15, 21, 22, 31, 37, 53, 57, 64, 84, 87, 90, 98, 103, 114, 116, 118, 120, 128, 136, 140, 142, 150, 163, 167, 180, 183, 193] 
5 : [] 
6 : [] 
7 : [] 
8 : [] 
9 : [7, 11, 25, 66, 80, 95, 105, 110, 123, 129, 161, 162, 169, 189, 196] 
10 : [] 
11 : [] 
12 : [68, 70, 94, 101, 102, 115, 137, 153, 155, 156, 160, 172, 176, 181, 197] 
13 : [108] 
14 : [] 
15 : [19, 36, 48, 138, 139, 147, 148, 179, 187] 
16 : [] 
17 : [] 
18 : [] 
19 : [] 
20 : [184] 
21 : [23, 24, 27, 29, 33, 38, 40, 45, 47, 49, 55, 58, 63, 69, 72, 77, 86, 97, 112, 113, 133, 170, 173, 175] 
22 : [] 
23 : [131, 199] 
24 : [106, 122, 130, 132, 146, 164, 182, 186, 194] 
25 : [121] 
26 : [10, 14, 16, 17, 18, 20, 28, 30, 34, 35, 39, 41, 42, 43, 50, 51, 56, 59, 60, 62, 65, 67, 73, 74, 75, 79, 81, 82, 85, 89, 91, 92, 100, 107, 109, 124, 134, 141, 144, 145, 152, 166, 185, 195] 
27 : [0, 44, 46, 52, 71, 96, 104, 126, 127, 177, 191] 
28 : [] 
29 : [] 
fitness : 33822 
