Instalações : Clientes 
0 : [] 
1 : [] 
2 : [] 
3 : [0, 30, 38, 43, 48, 96, 105, 107, 139, 142, 145, 151, 153, 158, 159, 189] 
4 : [] 
5 : [] 
6 : [] 
7 : [] 
8 : [] 
9 : [] 
10 : [17, 33, 37, 81, 100, 128, 132, 138, 146, 161, 177, 178, 185, 191, 195] 
11 : [] 
12 : [] 
13 : [1, 8, 12, 20, 23, 25, 32, 36, 40, 63, 73, 74, 85, 87, 94, 117, 131, 134, 166, 181, 193] 
14 : [80] 
15 : [] 
16 : [] 
17 : [] 
18 : [] 
19 : [] 
20 : [27, 64, 95, 99, 106, 149, 156, 165, 174, 198] 
21 : [] 
22 : [] 
23 : [] 
24 : [24, 41, 46, 52, 59, 60, 67, 71, 76, 77, 98, 104, 118, 129, 136, 173, 183] 
25 : [] 
26 : [3, 21, 28, 50, 51, 69, 91, 101, 111, 113, 170, 175, 190, 194, 199] 
27 : [] 
28 : [] 
29 : [] 
30 : [] 
31 : [] 
32 : [] 
33 : [] 
34 : [2, 10, 14, 15, 18, 26, 34, 57, 70, 78, 82, 86, 93, 97, 108, 122, 125, 127, 133, 150, 162, 164] 
35 : [] 
36 : [] 
37 : [] 
38 : [] 
39 : [13, 35, 84, 121, 160, 192] 
40 : [] 
41 : [] 
42 : [] 
43 : [6, 7, 16, 31, 68, 155, 167, 176] 
44 : [] 
45 : [19, 22, 42, 45, 49, 55, 66, 79, 83, 92, 110, 112, 115, 123, 137, 141, 143, 169, 171, 184, 186, 197] 
46 : [] 
47 : [] 
48 : [4, 9, 11, 29, 44, 54, 56, 72, 90, 103, 114, 119, 120, 124, 140, 148, 154, 157, 172, 179, 187, 196] 
49 : [] 
50 : [39, 47, 53, 58, 65, 89, 102, 130, 135, 144, 152, 163, 180] 
51 : [] 
52 : [] 
53 : [] 
54 : [5, 61, 62, 75, 88, 109, 116, 126, 147, 168, 182, 188] 
55 : [] 
56 : [] 
57 : [] 
58 : [] 
59 : [] 
fitness : 32940 
