Instalações : Clientes 
0 : [54, 198] 
1 : [] 
2 : [] 
3 : [] 
4 : [22, 28, 31, 33, 37, 48, 52, 55, 98, 111, 112, 116, 118, 140, 142, 146, 150, 154, 159, 163, 176, 177, 178, 180, 184, 193] 
5 : [68, 94, 105, 114, 120, 121, 125, 136, 157, 168, 172] 
6 : [] 
7 : [] 
8 : [34, 36, 43, 56, 71, 75, 79, 81, 83, 85, 91, 92, 96, 99, 100, 109, 124, 134, 138, 145, 152, 187, 195] 
9 : [16, 23, 27, 30, 38, 39, 41, 47, 49, 50, 51, 65, 66, 67, 70, 73, 76, 80, 95, 102, 115, 137, 149, 162, 170, 189, 196, 197] 
10 : [45] 
11 : [] 
12 : [59, 60, 64, 72, 74, 77, 78, 82, 84, 90, 101, 103, 108, 113, 117, 129, 131, 151, 156, 164, 165, 171, 175] 
13 : [] 
14 : [0, 1, 2, 20, 25, 42, 44, 62, 110, 123, 132, 153, 155, 160, 161, 166, 169, 181] 
15 : [29, 107, 126, 127, 139, 147, 148, 167, 179, 190, 191, 192, 194] 
16 : [] 
17 : [] 
18 : [19] 
19 : [106, 122, 128, 133, 143, 158, 173, 174, 183, 199] 
20 : [] 
21 : [] 
22 : [] 
23 : [] 
24 : [] 
25 : [] 
26 : [3, 4, 5, 6, 7, 8, 9, 10, 11, 12, 13, 14, 15, 17, 18, 21, 24, 26, 32, 35, 40, 46, 53, 57, 58, 61, 63, 69, 86, 87, 88, 89, 93, 97, 104, 119, 130, 135, 141, 144, 182, 185, 186, 188] 
27 : [] 
28 : [] 
29 : [] 
fitness : 31164 
