Instalações : Clientes 
0 : [] 
1 : [] 
2 : [] 
3 : [20, 105, 114, 127, 141, 142, 168, 170, 188, 194] 
4 : [] 
5 : [] 
6 : [] 
7 : [] 
8 : [] 
9 : [1, 6, 11, 14, 19, 50, 59, 63, 71, 85, 86, 93, 97, 99, 138, 144, 162, 165, 172, 186] 
10 : [47, 61, 87, 100, 117, 145, 173, 183, 185, 198] 
11 : [] 
12 : [] 
13 : [13, 21, 23, 24, 30, 31, 33, 38, 42, 46, 55, 56, 65, 70, 73, 74, 81, 89, 94, 95, 104, 108, 111, 121, 131, 134, 154, 155, 157, 169, 184, 189, 193] 
14 : [92, 102, 118, 128, 129, 136, 143, 151, 159, 166, 174, 177, 180, 182, 187, 196] 
15 : [18, 29, 72, 123, 192] 
16 : [] 
17 : [] 
18 : [48, 51, 53, 60, 79, 82, 103, 112, 119, 137, 146, 149, 190, 191] 
19 : [5, 15, 25, 32, 34, 41, 62, 113, 124, 125, 133, 153, 158, 181, 199] 
20 : [12, 16, 27, 28, 36, 39, 40, 45, 52, 67, 68, 75, 77, 80, 83, 84, 91, 110, 122, 126, 147, 156, 164, 167, 175] 
21 : [] 
22 : [4, 7, 22, 49, 57, 58, 64, 66, 90, 96, 109, 116, 120, 130, 135, 139, 152, 161, 163, 179] 
23 : [] 
24 : [8, 10, 37, 69, 78, 98, 148, 171] 
25 : [17, 26, 160, 176, 195, 197] 
26 : [] 
27 : [] 
28 : [] 
29 : [0, 2, 3, 9, 35, 43, 44, 54, 76, 88, 101, 106, 107, 115, 132, 140, 150, 178] 
fitness : 30734 
