Instalações : Clientes 
0 : [] 
1 : [] 
2 : [] 
3 : [20, 21, 43, 74, 94, 105, 112, 170, 176] 
4 : [] 
5 : [] 
6 : [] 
7 : [44, 66, 179] 
8 : [24, 31, 45, 49, 80, 83, 107, 197] 
9 : [5, 14, 18, 19, 29, 63, 92, 93, 113, 123, 128, 133, 153, 158, 165, 186, 199] 
10 : [1, 7, 47, 51, 75, 114, 159, 160, 193] 
11 : [] 
12 : [3, 13, 48, 65, 70, 73, 86, 87, 99, 121, 132, 134, 142, 169, 181, 188, 189, 194] 
13 : [2, 4, 22, 33, 37, 42, 46, 55, 57, 64, 90, 96, 103, 108, 116, 119, 130, 131, 137, 145, 149, 152, 154, 157, 161, 184, 190, 191] 
14 : [6, 8, 23, 32, 34, 40, 85, 102, 111, 126, 129, 136, 147, 164, 174, 177, 180, 187] 
15 : [71, 182, 196] 
16 : [16, 17, 36, 58, 67, 91, 139, 166, 173] 
17 : [] 
18 : [] 
19 : [15, 25, 35, 59, 62, 72, 78, 97, 106, 124, 138, 140, 144, 162, 192] 
20 : [0, 10, 12, 26, 27, 39, 52, 56, 60, 68, 69, 77, 79, 84, 98, 104, 110, 118, 122, 143, 148, 156, 163, 167, 171, 175] 
21 : [] 
22 : [] 
23 : [41, 88, 100, 120, 183] 
24 : [] 
25 : [11, 28, 53, 61, 82, 95, 117, 135, 141, 146, 155, 195] 
26 : [] 
27 : [] 
28 : [] 
29 : [9, 30, 38, 50, 54, 76, 81, 89, 101, 109, 115, 125, 127, 150, 151, 168, 172, 178, 185, 198] 
fitness : 33066 
