Instalações : Clientes 
0 : [] 
1 : [] 
2 : [] 
3 : [] 
4 : [0, 1, 2, 3, 4, 5, 6, 7, 8, 9, 10, 11, 12, 13, 14, 15, 16, 17, 18, 19, 20, 21, 23, 24, 25, 26, 27, 28, 29, 31, 32, 33, 34, 35, 36, 37, 38, 40, 41, 42, 43, 44, 45, 46, 47, 49, 50, 52, 53, 54, 57, 59, 60, 66, 68, 69, 70, 71, 72] 
5 : [22, 30, 79] 
6 : [] 
7 : [] 
8 : [] 
9 : [39] 
10 : [] 
11 : [] 
12 : [] 
13 : [] 
14 : [] 
15 : [48, 51, 55, 56, 58, 61, 62, 63, 64, 65, 67, 76] 
16 : [] 
17 : [73, 74, 75, 77, 78] 
18 : [] 
19 : [] 
fitness : 7410 
