Instalações : Clientes 
0 : [] 
1 : [] 
2 : [0, 9, 51, 56, 67, 72, 93, 101, 104, 113, 114, 148, 170, 173, 179, 187, 194, 196] 
3 : [8, 30, 31, 34, 38, 70, 78, 80, 96, 107, 150, 151, 153, 155, 158, 164, 176, 180] 
4 : [] 
5 : [] 
6 : [] 
7 : [] 
8 : [] 
9 : [] 
10 : [5, 88, 92, 100, 109, 117, 128, 138, 147, 161, 167, 177, 182, 185, 188, 191, 195] 
11 : [] 
12 : [] 
13 : [6, 12, 20, 28, 43, 47, 54, 63, 73, 74, 85, 97, 103, 105, 111, 116, 122, 127, 146, 149, 156, 166, 178, 181, 189, 193] 
14 : [] 
15 : [] 
16 : [] 
17 : [4, 15, 90, 135, 154, 175, 190] 
18 : [] 
19 : [] 
20 : [] 
21 : [] 
22 : [] 
23 : [11, 24, 79, 140] 
24 : [] 
25 : [] 
26 : [1, 10, 16, 18, 22, 23, 32, 39, 41, 52, 59, 76, 77, 81, 91, 124, 134, 136, 145] 
27 : [] 
28 : [3, 21, 46, 50, 53, 58, 65, 69, 86, 102, 130, 152, 157, 162, 163, 199] 
29 : [] 
30 : [13, 19, 25, 29, 44, 68, 71, 83, 95, 110, 112, 118, 119, 120, 137, 160, 169] 
31 : [] 
32 : [33, 35, 42, 45, 55, 66, 84, 87, 99, 115, 123, 126, 129, 131, 132, 141, 171, 172, 174, 186, 197] 
33 : [] 
34 : [] 
35 : [] 
36 : [] 
37 : [] 
38 : [] 
39 : [] 
40 : [2, 14, 26, 37, 40, 48, 57, 60, 61, 82, 89, 94, 142, 144, 159, 183] 
41 : [] 
42 : [] 
43 : [7, 108, 125, 133, 139] 
44 : [17, 27, 36, 49, 62, 64, 75, 98, 106, 121, 143, 165, 168, 184, 192, 198] 
45 : [] 
46 : [] 
47 : [] 
48 : [] 
49 : [] 
50 : [] 
51 : [] 
52 : [] 
53 : [] 
54 : [] 
55 : [] 
56 : [] 
57 : [] 
58 : [] 
59 : [] 
fitness : 32429 
