Instalações : Clientes 
0 : [] 
1 : [] 
2 : [] 
3 : [0, 32, 39, 55, 59, 62, 65, 71, 81, 82, 105, 106, 139, 163, 170, 177] 
4 : [] 
5 : [] 
6 : [] 
7 : [] 
8 : [] 
9 : [] 
10 : [] 
11 : [] 
12 : [] 
13 : [] 
14 : [] 
15 : [2, 24, 34, 40, 70, 72, 80, 92, 100, 110, 117, 120, 122, 123, 130, 134, 165, 168, 186, 191] 
16 : [] 
17 : [1, 54, 158] 
18 : [44, 57, 61, 90, 95, 125, 144, 182, 192, 198] 
19 : [] 
20 : [36, 37, 52, 58, 67, 84, 86, 101, 104, 129, 166, 184] 
21 : [] 
22 : [] 
23 : [] 
24 : [] 
25 : [5, 7, 19, 23, 25, 35, 41, 43, 48, 53, 68, 76, 89, 96, 102, 109, 116, 147, 162, 172, 173, 183, 187] 
26 : [] 
27 : [107, 108, 114, 124, 140, 148, 149, 153, 160, 169, 179, 180, 181, 188, 195, 197, 199] 
28 : [] 
29 : [] 
30 : [] 
31 : [] 
32 : [] 
33 : [] 
34 : [4, 10, 15, 20, 60, 64, 79, 93, 103, 131, 135, 145, 167, 174, 176] 
35 : [] 
36 : [] 
37 : [] 
38 : [] 
39 : [14, 22, 31, 46, 73, 83, 91, 121, 127, 141, 156, 157, 159, 185] 
40 : [] 
41 : [6, 8, 45, 47, 51, 88, 97, 113, 115, 126, 128, 132, 136, 164, 189] 
42 : [] 
43 : [] 
44 : [] 
45 : [] 
46 : [11, 12, 26, 29, 42, 98, 155] 
47 : [] 
48 : [] 
49 : [] 
50 : [] 
51 : [] 
52 : [] 
53 : [3, 17, 27, 38, 49, 75, 85, 111, 133, 178] 
54 : [21, 99, 118, 138, 161] 
55 : [] 
56 : [] 
57 : [9, 13, 18, 69, 74, 77, 78, 87, 94, 112, 146, 152, 154, 175, 190, 194] 
58 : [] 
59 : [16, 28, 30, 33, 50, 56, 63, 66, 119, 137, 142, 143, 150, 151, 171, 193, 196] 
fitness : 32321 
