Instalações : Clientes 
0 : [] 
1 : [] 
2 : [1, 8, 23, 26, 28, 44, 47, 51, 52, 68, 69, 72, 90, 102, 114, 124, 157, 162, 167, 170, 175, 190, 194] 
3 : [] 
4 : [] 
5 : [] 
6 : [] 
7 : [] 
8 : [78, 96, 105, 108, 111, 133, 139, 142, 145, 151, 155, 176] 
9 : [] 
10 : [] 
11 : [] 
12 : [11, 21, 40, 41, 56, 67, 93, 113, 136, 154, 174, 196, 199] 
13 : [0, 4, 7, 10, 12, 31, 36, 39, 43, 50, 62, 63, 65, 76, 85, 88, 94, 97, 116, 150, 178, 188] 
14 : [] 
15 : [] 
16 : [] 
17 : [] 
18 : [] 
19 : [] 
20 : [] 
21 : [2] 
22 : [] 
23 : [] 
24 : [6, 14, 25, 32, 34, 53, 54, 74, 77, 80, 86, 98, 100, 101, 107, 134, 173, 180, 181, 184, 189, 193] 
25 : [] 
26 : [] 
27 : [71, 73, 156, 166, 191] 
28 : [3, 15, 18, 46, 48, 57, 58, 60, 70, 89, 122, 125, 130, 135, 144, 152, 163, 164, 183] 
29 : [] 
30 : [] 
31 : [30, 37, 38, 82, 127, 153, 158, 159, 177] 
32 : [20, 35, 45, 55, 79, 84, 95, 109, 110, 112, 117, 118, 119, 120, 169, 171, 197] 
33 : [] 
34 : [] 
35 : [] 
36 : [] 
37 : [] 
38 : [] 
39 : [] 
40 : [] 
41 : [] 
42 : [] 
43 : [] 
44 : [13, 16, 22, 33, 49, 99, 106, 121, 128, 132, 138, 146, 149, 161, 182, 185, 198] 
45 : [5, 17, 27, 42, 61, 64, 75, 83, 115, 123, 126, 137, 143, 147, 160, 165, 168, 186, 192, 195] 
46 : [] 
47 : [] 
48 : [9, 19, 24, 29, 59, 66, 81, 87, 91, 92, 103, 104, 129, 131, 140, 141, 148, 172, 179, 187] 
49 : [] 
50 : [] 
51 : [] 
52 : [] 
53 : [] 
54 : [] 
55 : [] 
56 : [] 
57 : [] 
58 : [] 
59 : [] 
fitness : 34538 
