Instalações : Clientes 
0 : [58, 59, 82, 84, 86, 91, 92, 100, 109, 123, 128, 133, 141, 143, 159, 170, 172, 174, 175, 176, 189, 193] 
1 : [] 
2 : [31, 33, 39, 44, 46, 52, 61, 78, 81, 94, 103, 110, 134, 155, 161, 173, 186, 194] 
3 : [2, 4, 5, 12, 13, 16, 20, 25, 27, 30, 32, 37, 47, 54, 55, 60, 63, 65, 67, 74, 76, 79, 85, 90, 93, 108, 120, 132, 169, 180, 188] 
4 : [] 
5 : [9, 18, 21, 26, 34, 36, 38, 66, 72, 75, 87, 98, 101, 102, 126, 138, 139, 154, 162, 195, 196] 
6 : [0, 171, 199] 
7 : [] 
8 : [] 
9 : [] 
10 : [3, 7, 15, 23, 24, 95, 104, 105, 107, 112, 113, 116, 125, 144, 163, 168, 179, 187, 190] 
11 : [6, 35, 41, 45, 48, 53, 80, 97, 121, 122, 127, 131, 135, 145, 146, 147, 150, 153, 157, 158, 166, 182, 185] 
12 : [1, 8, 28, 43, 64, 73, 88, 99, 114, 119, 136, 137, 140, 148, 152, 192] 
13 : [] 
14 : [] 
15 : [10, 11, 14, 19, 42, 49, 51, 68, 70, 71, 77, 96, 115, 130, 142, 149, 156, 177, 197, 198] 
16 : [] 
17 : [] 
18 : [] 
19 : [17, 22, 29, 57, 62, 89, 106, 117, 118, 124, 129, 151, 160, 164, 178, 183, 184, 191] 
20 : [] 
21 : [] 
22 : [] 
23 : [] 
24 : [40, 69] 
25 : [] 
26 : [50, 56, 83, 111, 165, 167, 181] 
27 : [] 
28 : [] 
29 : [] 
fitness : 30686 
