Instalações : Clientes 
0 : [0, 44, 52, 60, 79, 86, 88, 94, 191] 
1 : [] 
2 : [7, 21, 37, 61, 74, 109, 145, 147, 165, 179, 186] 
3 : [3, 9, 11, 16, 33, 51, 77, 95, 102, 105, 122, 127, 149, 151, 157, 180, 195] 
4 : [27, 48, 54, 69, 80, 89, 137, 155, 161, 167, 182] 
5 : [] 
6 : [50, 131, 171, 176] 
7 : [1, 5, 8, 23, 26, 72, 83, 85, 87, 120, 133, 163, 197] 
8 : [76, 106, 112, 128, 143, 184, 190] 
9 : [] 
10 : [24, 25, 30, 40, 64, 67, 82, 108, 110, 117, 126, 139, 140, 166, 172, 188] 
11 : [6, 13, 34, 35, 42, 46, 49, 59, 62, 71, 75, 78, 98, 103, 104, 107, 132, 135, 141, 159, 170, 173, 183, 192, 196] 
12 : [] 
13 : [17, 20, 32, 39, 65, 91, 93, 129, 144, 168, 174, 181, 185, 199] 
14 : [] 
15 : [] 
16 : [] 
17 : [55, 90, 97, 99, 113, 118, 130, 134, 152, 154, 160, 177] 
18 : [] 
19 : [] 
20 : [19, 125, 148, 153, 158] 
21 : [] 
22 : [] 
23 : [] 
24 : [] 
25 : [] 
26 : [4, 14, 22, 31, 36, 47, 57, 63, 70, 84, 100, 101, 111, 115, 116, 123, 138, 146, 150, 169, 189, 193] 
27 : [2, 10, 12, 15, 18, 29, 43, 45, 58, 73, 81, 92, 96, 119, 136, 162, 164, 175, 178, 198] 
28 : [28, 38, 41, 53, 56, 66, 68, 114, 121, 124, 142, 156, 187, 194] 
29 : [] 
fitness : 34533 
