Instalações : Clientes 
0 : [] 
1 : [] 
2 : [] 
3 : [] 
4 : [0, 68, 71, 146, 148, 188] 
5 : [] 
6 : [] 
7 : [] 
8 : [4, 10, 22, 41, 46, 52, 76, 79, 83, 93, 95, 115, 144, 183, 187, 198] 
9 : [] 
10 : [] 
11 : [] 
12 : [] 
13 : [] 
14 : [27, 55, 73, 105, 108, 126, 133, 136, 139, 169, 178] 
15 : [] 
16 : [] 
17 : [] 
18 : [] 
19 : [15, 78, 107, 125, 197] 
20 : [43, 58, 84, 86, 102, 109, 129, 145, 162, 166, 172, 184] 
21 : [] 
22 : [] 
23 : [] 
24 : [] 
25 : [] 
26 : [7, 12, 23, 28, 56, 63, 66, 98, 101, 143, 150, 167, 173, 196] 
27 : [25, 30, 50, 61, 90, 91, 103, 116, 119, 121, 124, 140, 149, 159, 168, 177, 179, 180, 195] 
28 : [1, 21, 31, 59, 65, 82, 87, 99, 106, 113, 114, 128, 161, 163, 164, 165, 170, 175, 199] 
29 : [] 
30 : [19, 20, 48, 53, 60, 64, 80, 104, 147] 
31 : [] 
32 : [] 
33 : [] 
34 : [] 
35 : [] 
36 : [] 
37 : [] 
38 : [] 
39 : [5, 33, 38, 39, 49, 57, 75, 111, 118, 127, 141, 155, 156, 157, 158, 176, 182] 
40 : [] 
41 : [3, 6, 17, 29, 32, 42, 45, 47, 51, 54, 81, 88, 97, 132, 135, 138, 153] 
42 : [] 
43 : [] 
44 : [] 
45 : [] 
46 : [] 
47 : [8, 13, 18, 24, 34, 69, 70, 74, 77, 92, 94, 110, 130, 160, 192, 194] 
48 : [] 
49 : [] 
50 : [] 
51 : [] 
52 : [] 
53 : [] 
54 : [] 
55 : [] 
56 : [] 
57 : [2, 9, 40, 100, 117, 120, 122, 123, 134, 152, 154, 181, 186, 190, 191] 
58 : [44, 67, 89, 112] 
59 : [11, 14, 16, 26, 35, 36, 37, 62, 72, 85, 96, 131, 137, 142, 151, 171, 174, 185, 189, 193] 
fitness : 34278 
