Instalações : Clientes 
0 : [] 
1 : [] 
2 : [] 
3 : [] 
4 : [] 
5 : [] 
6 : [] 
7 : [] 
8 : [0, 84, 86, 108, 110, 114, 123, 125, 135, 136, 142, 174, 175, 187, 189, 195, 198, 199] 
9 : [] 
10 : [] 
11 : [54, 94, 95, 111, 134, 149, 162, 173, 177, 184, 193] 
12 : [] 
13 : [17, 22, 53, 78, 122, 144, 150, 152, 166, 191] 
14 : [6, 7, 11, 16, 18, 19, 26, 34, 45, 65, 92, 103, 116, 172] 
15 : [] 
16 : [2, 10, 15, 29, 30, 40, 42, 68, 71, 74, 83, 85, 100, 115, 151, 153] 
17 : [] 
18 : [] 
19 : [] 
20 : [112, 118, 120, 126, 140, 154, 156, 157, 165, 171, 178, 185] 
21 : [] 
22 : [] 
23 : [] 
24 : [] 
25 : [] 
26 : [] 
27 : [] 
28 : [43, 48, 55, 75, 76, 89, 121, 128, 139, 145, 147, 148, 160, 164, 183] 
29 : [] 
30 : [] 
31 : [] 
32 : [] 
33 : [] 
34 : [13, 28, 41, 44, 57, 133, 155, 168, 170] 
35 : [] 
36 : [33, 59, 77, 90, 93, 104, 105, 106, 107, 117, 129, 146, 186, 197] 
37 : [130] 
38 : [] 
39 : [] 
40 : [] 
41 : [] 
42 : [] 
43 : [] 
44 : [3, 8, 9, 12, 21, 32, 35, 46, 60, 66, 69, 79, 159, 176, 180, 182, 192, 196] 
45 : [] 
46 : [] 
47 : [1, 14, 24, 47, 61, 67, 73, 82, 87, 91, 102, 113, 163, 167] 
48 : [] 
49 : [5, 31, 51, 64, 96, 97, 119, 161] 
50 : [27, 37, 58, 127, 137, 158, 169, 190] 
51 : [] 
52 : [] 
53 : [4, 20, 23, 25, 49, 62, 70, 72, 80, 98, 99, 101, 131, 141, 179] 
54 : [36, 38, 39, 50, 52, 56, 88, 109, 138, 143, 181, 188] 
55 : [] 
56 : [63, 81, 124, 132, 194] 
57 : [] 
58 : [] 
59 : [] 
fitness : 34346 
