Instalações : Clientes 
0 : [] 
1 : [] 
2 : [] 
3 : [] 
4 : [0, 44, 52, 72, 84, 93, 112, 119, 141, 169, 197] 
5 : [] 
6 : [14, 16, 36, 37, 76, 117, 132, 134, 161, 182, 185] 
7 : [] 
8 : [30, 31, 47, 53, 96, 108, 133, 136, 139, 164, 176, 189] 
9 : [] 
10 : [2, 5, 100, 126, 128, 138, 149, 177, 191, 195] 
11 : [10, 18, 26, 28, 57, 58, 60, 68, 70, 85, 86, 89, 97, 102, 130, 155, 159, 163] 
12 : [] 
13 : [] 
14 : [] 
15 : [] 
16 : [] 
17 : [] 
18 : [] 
19 : [] 
20 : [] 
21 : [] 
22 : [] 
23 : [] 
24 : [] 
25 : [] 
26 : [21, 40, 65, 78, 91, 101, 111, 114, 122, 135, 144, 152, 154, 162, 170, 180, 194, 199] 
27 : [] 
28 : [] 
29 : [] 
30 : [3, 4, 8, 12, 24, 29, 41, 46, 66, 67, 104, 124, 129, 140, 172, 173, 190, 196] 
31 : [] 
32 : [1, 23, 25, 39, 50, 54, 71, 79, 87, 94, 95, 120, 131, 142, 160, 167, 171, 174, 178, 183, 184, 186, 192, 193] 
33 : [] 
34 : [] 
35 : [38, 80, 82, 88, 125, 127, 150, 151, 153, 158] 
36 : [] 
37 : [] 
38 : [] 
39 : [20, 32, 33, 34, 61, 64, 75, 81, 98, 147, 168] 
40 : [] 
41 : [] 
42 : [] 
43 : [] 
44 : [] 
45 : [6, 13, 17, 22, 27, 49, 55, 62, 63, 83, 92, 99, 106, 110, 115, 116, 121, 123, 137, 143, 156, 165, 198] 
46 : [] 
47 : [] 
48 : [] 
49 : [] 
50 : [] 
51 : [] 
52 : [] 
53 : [] 
54 : [] 
55 : [9, 11, 19, 35, 45, 51, 56, 59, 69, 77, 90, 103, 113, 118, 148, 157, 175, 179, 187] 
56 : [] 
57 : [] 
58 : [7, 15, 42, 43, 48, 73, 74, 105, 107, 109, 145, 146, 166, 181, 188] 
59 : [] 
fitness : 34637 
