Instalações : Clientes 
0 : [] 
1 : [6, 7, 8, 13, 45, 78] 
2 : [9, 14] 
3 : [] 
4 : [0, 1, 2, 3, 4, 5, 10, 12, 15, 16, 17, 18, 20, 21, 31, 32, 33, 35, 36, 38, 39, 41, 42, 43, 44, 48, 49, 50, 60] 
5 : [11, 19, 22, 23, 24, 25, 26, 27, 28, 29, 30, 37, 40] 
6 : [] 
7 : [] 
8 : [] 
9 : [] 
10 : [] 
11 : [] 
12 : [] 
13 : [34, 51, 52, 53, 54, 56, 57, 59, 64] 
14 : [] 
15 : [] 
16 : [] 
17 : [46, 47, 55, 58, 61, 62, 63, 65, 66, 67, 68, 69, 70, 71, 72, 73, 74, 75, 76, 77, 79] 
18 : [] 
19 : [] 
fitness : 7426 
