Instalações : Clientes 
0 : [1, 3, 5, 9, 15, 16, 33, 40, 60, 63, 64, 67, 70, 73, 86, 87, 94, 102, 130, 140] 
1 : [] 
2 : [26, 39, 52, 75, 78, 90, 104, 108, 111, 112, 148] 
3 : [] 
4 : [2, 8, 10, 14, 20, 21, 22, 23, 24, 32, 38, 43, 46, 50, 57, 58, 76, 84, 95, 97, 106, 115, 125, 129, 131, 133, 136] 
5 : [] 
6 : [] 
7 : [6, 30, 51, 54, 81, 92, 96, 101, 127, 128, 145] 
8 : [0, 4, 11, 12, 13, 25, 34, 35, 41, 47, 49, 55, 59, 62, 71, 77, 80, 82, 88, 99, 100, 109, 121, 123, 124, 134, 135, 138, 141, 142, 144] 
9 : [] 
10 : [] 
11 : [19, 36, 53, 61, 72, 93, 107, 113, 116, 118, 119, 120, 147, 149] 
12 : [] 
13 : [] 
14 : [] 
15 : [] 
16 : [] 
17 : [17, 45, 48, 56, 68, 83, 85, 105, 110, 139, 143] 
18 : [] 
19 : [] 
20 : [] 
21 : [] 
22 : [] 
23 : [] 
24 : [] 
25 : [7, 18, 27, 28, 29, 31, 37, 42, 44, 65, 66, 69, 74, 79, 89, 91, 98, 103, 114, 117, 122, 126, 132, 137, 146] 
26 : [] 
27 : [] 
28 : [] 
29 : [] 
fitness : 20780 
