Instalações : Clientes 
0 : [] 
1 : [0, 3, 14, 16, 34, 44, 49, 53, 57, 62, 102, 105, 135, 136, 147, 175, 178, 197] 
2 : [] 
3 : [43, 68, 82, 121, 127, 128, 130, 146, 154, 157, 162, 163, 168, 171, 173, 177, 190, 192, 196] 
4 : [] 
5 : [] 
6 : [8, 28, 35, 45, 48, 54, 61, 89, 103, 111, 115, 126, 143, 160] 
7 : [] 
8 : [2, 6, 12, 30, 32, 36, 37, 40, 65, 73, 90, 107, 110, 112, 131, 170, 182, 184, 194] 
9 : [5, 15, 22, 23, 42, 75, 78, 85, 87, 116, 137, 152, 164, 165, 166, 179, 183, 185] 
10 : [9, 17, 27, 39, 41, 56, 66, 74, 79, 83, 84, 86, 99, 132, 134, 156, 159, 174, 187, 189] 
11 : [] 
12 : [109, 118, 124, 142] 
13 : [] 
14 : [] 
15 : [13, 18, 55, 69, 70, 80, 117, 119, 133, 153, 186] 
16 : [58, 60, 77, 93, 125, 161, 188, 193] 
17 : [] 
18 : [] 
19 : [] 
20 : [] 
21 : [10, 19, 21, 26, 29, 31, 47, 72, 76, 88, 95, 104, 120, 122, 150, 151, 155, 158, 172, 199] 
22 : [] 
23 : [] 
24 : [] 
25 : [20, 25, 50, 52, 92, 96, 100, 101, 106, 113, 114, 129, 138, 139, 140, 141, 169, 176, 181, 195] 
26 : [] 
27 : [11, 63, 81, 108, 123, 145, 180, 191] 
28 : [1, 4, 7, 24, 33, 38, 46, 51, 59, 64, 67, 71, 91, 94, 97, 98, 144, 148, 149, 167, 198] 
29 : [] 
fitness : 30660 
