Instalações : Clientes 
0 : [] 
1 : [] 
2 : [] 
3 : [] 
4 : [0, 169, 197] 
5 : [] 
6 : [] 
7 : [] 
8 : [12, 48, 105, 139, 153, 164, 176] 
9 : [] 
10 : [] 
11 : [14, 20, 26, 31, 35, 36, 37, 38, 57, 70, 80, 82, 86, 89, 96, 110, 119, 125, 130, 136, 142, 145, 158, 162, 167, 178, 191] 
12 : [] 
13 : [43, 54, 73, 76, 81, 85, 97, 106, 107, 108, 111, 122, 133, 150, 151, 180, 183, 188, 193] 
14 : [] 
15 : [] 
16 : [] 
17 : [65, 102, 124, 135, 170, 175] 
18 : [] 
19 : [] 
20 : [] 
21 : [127] 
22 : [] 
23 : [] 
24 : [6, 10, 16, 17, 18, 21, 22, 23, 25, 39, 40, 50, 67, 74, 90, 91, 121, 134, 156, 159, 199] 
25 : [] 
26 : [] 
27 : [] 
28 : [1, 4, 7, 15, 28, 30, 51, 53, 58, 60, 63, 69, 78, 138, 144, 152, 154, 163, 194] 
29 : [] 
30 : [8, 11, 29, 41, 45, 52, 66, 71, 84, 93, 98, 118, 120, 141, 149, 171, 172, 174, 186, 198] 
31 : [] 
32 : [] 
33 : [] 
34 : [] 
35 : [] 
36 : [] 
37 : [] 
38 : [] 
39 : [] 
40 : [] 
41 : [] 
42 : [] 
43 : [] 
44 : [27, 32, 33, 49, 83, 87, 88, 94, 100, 116, 117, 126, 132, 143, 155, 161, 177, 181, 195] 
45 : [2, 13, 34, 55, 61, 62, 64, 68, 75, 79, 92, 95, 99, 115, 123, 128, 137, 146, 147, 160, 182, 184, 185, 192] 
46 : [5, 19, 24, 42, 44, 56, 112, 129, 131, 140, 166, 168, 179] 
47 : [] 
48 : [3, 9, 46, 47, 59, 72, 77, 101, 103, 104, 109, 113, 114, 148, 157, 165, 173, 187, 189, 190, 196] 
49 : [] 
50 : [] 
51 : [] 
52 : [] 
53 : [] 
54 : [] 
55 : [] 
56 : [] 
57 : [] 
58 : [] 
59 : [] 
fitness : 34402 
