Instalações : Clientes 
0 : [0, 91, 110, 128, 141, 148, 155, 162, 172, 174, 175, 194] 
1 : [] 
2 : [12, 23, 27, 39, 45, 52, 58, 61, 79, 92, 93, 94, 127, 133, 139, 143, 159, 165, 176, 181, 193] 
3 : [2, 3, 5, 8, 9, 16, 18, 25, 28, 30, 33, 37, 44, 46, 63, 64, 65, 66, 75, 84, 86, 89, 98, 104, 105, 108, 117, 144, 168] 
4 : [] 
5 : [] 
6 : [112, 132, 192, 196] 
7 : [] 
8 : [] 
9 : [] 
10 : [4, 47, 62, 68, 90, 103, 106, 114, 126, 130, 131, 134, 145, 160, 169, 187] 
11 : [24, 26, 38, 41, 60, 69, 74, 80, 95, 97, 101, 102, 107, 118, 129, 135, 138, 147, 149, 153, 156, 158, 163, 179, 180, 185, 191, 195] 
12 : [] 
13 : [40, 53, 55, 76, 119, 120, 142, 150, 197, 198] 
14 : [] 
15 : [] 
16 : [] 
17 : [] 
18 : [] 
19 : [] 
20 : [1, 171, 190] 
21 : [7, 14, 50, 67, 81, 83, 100, 111, 122, 167, 177, 188] 
22 : [10, 13, 17, 21, 22, 29, 31, 34, 36, 43, 51, 57, 71, 87, 121, 124, 146, 151, 157, 164, 166, 178, 182, 183, 184, 199] 
23 : [] 
24 : [6, 11, 15, 19, 20, 35, 42, 48, 49, 59, 70, 77, 96, 113, 115, 116, 125] 
25 : [] 
26 : [] 
27 : [32, 78, 85, 161, 173] 
28 : [54, 56, 72, 73, 82, 88, 99, 109, 123, 136, 137, 140, 152, 154, 170, 186, 189] 
29 : [] 
fitness : 31484 
