Instalações : Clientes 
0 : [130] 
1 : [57] 
2 : [] 
3 : [] 
4 : [0, 13, 33, 52, 55, 60, 71, 85, 87, 88, 90, 96, 98, 99, 103, 106, 107, 111, 116, 117, 119, 131, 142, 154, 163, 167, 174, 176, 178, 179, 180, 182, 184, 186, 190, 191, 192, 193, 198] 
5 : [114, 118, 120, 121, 125, 136, 156, 157, 168, 172, 173] 
6 : [] 
7 : [] 
8 : [18, 28, 34, 36, 56, 75, 79, 81, 91, 109, 124, 126, 127, 134, 135, 138, 145, 146, 147, 148, 152, 169, 187] 
9 : [] 
10 : [50, 158] 
11 : [] 
12 : [16, 61, 66, 67, 68, 70, 73, 83, 84, 92, 101, 102, 105, 108, 115, 137, 139, 151, 153, 161, 165, 171, 196] 
13 : [] 
14 : [14, 15, 42, 43, 62, 65, 74, 110, 123, 129, 155, 160, 162, 181, 195, 197] 
15 : [188, 194] 
16 : [] 
17 : [] 
18 : [] 
19 : [] 
20 : [] 
21 : [22, 25, 29, 31, 32, 35, 40, 53, 63, 64, 69, 72, 77, 86, 112, 144, 149, 170, 183] 
22 : [] 
23 : [] 
24 : [] 
25 : [175, 177] 
26 : [1, 2, 3, 4, 5, 6, 7, 8, 9, 10, 11, 12, 17, 19, 20, 21, 23, 24, 26, 30, 37, 38, 39, 41, 44, 45, 46, 48, 54, 58, 76, 80, 82, 89, 94, 95, 97, 100, 104, 128, 140, 141, 143, 150, 166, 185, 189] 
27 : [] 
28 : [27, 47, 49, 51, 59, 78, 93, 113, 122, 132, 133, 159, 164, 199] 
29 : [] 
fitness : 32148 
