Instalações : Clientes 
0 : [1, 2, 12, 16, 23, 30, 32, 33, 38, 39, 45, 53, 78, 79, 84, 86, 94, 100, 110, 148, 152, 153, 155, 161, 173, 176] 
1 : [] 
2 : [] 
3 : [0, 3, 4, 11, 19, 48, 57, 63, 65, 83, 85, 95, 104, 105, 108, 122, 125, 127, 130, 133, 134, 144, 168, 181, 188, 190, 199] 
4 : [] 
5 : [] 
6 : [24, 75, 101, 154] 
7 : [] 
8 : [] 
9 : [] 
10 : [7, 15, 20, 27, 42, 47, 60, 68, 69, 76, 131, 163, 167, 169, 179, 180] 
11 : [5, 6, 10, 31, 35, 40, 41, 49, 59, 71, 80, 97, 107, 120, 135, 142, 147, 149, 156, 187] 
12 : [18, 29, 64, 74, 93, 119, 126, 132, 136, 140, 162, 192] 
13 : [] 
14 : [] 
15 : [] 
16 : [44, 73, 91, 123, 137, 141, 172, 174, 175] 
17 : [8, 62, 87, 89, 106, 114, 117, 145, 158, 195] 
18 : [] 
19 : [] 
20 : [26, 34, 36, 98, 113, 138, 164, 191, 196] 
21 : [14, 50, 52, 55, 67, 70, 77, 111, 165, 177, 182] 
22 : [17, 22, 43, 51, 96, 115, 116, 118, 121, 124, 129, 146, 150, 151, 157, 160, 166, 178, 183, 184, 185, 197, 198] 
23 : [9, 13, 25, 28, 90, 102, 112, 139, 171] 
24 : [] 
25 : [] 
26 : [] 
27 : [58, 61, 81, 92, 103, 143, 159] 
28 : [21, 37, 46, 54, 56, 66, 72, 82, 88, 99, 109, 128, 170, 186, 189, 193, 194] 
29 : [] 
fitness : 31381 
