Instalações : Clientes 
0 : [] 
1 : [] 
2 : [1, 9, 46, 51, 56, 67, 69, 104, 113, 152, 154, 157, 162, 170, 175, 190, 194] 
3 : [] 
4 : [] 
5 : [13, 36, 43, 64, 71, 74, 76, 77, 106, 116, 117, 118, 129, 193] 
6 : [] 
7 : [] 
8 : [] 
9 : [] 
10 : [] 
11 : [] 
12 : [] 
13 : [10, 12, 14, 22, 37, 39, 40, 50, 61, 62, 63, 73, 75, 81, 87, 88, 97, 132, 134, 150, 153, 165, 180, 181, 184] 
14 : [] 
15 : [] 
16 : [] 
17 : [] 
18 : [] 
19 : [] 
20 : [] 
21 : [] 
22 : [] 
23 : [] 
24 : [4, 5, 6, 11, 16, 20, 21, 25, 27, 33, 41, 42, 45, 54, 60, 85, 94, 101, 123, 156, 166, 172, 183] 
25 : [] 
26 : [3, 15, 23, 28, 30, 52, 58, 65, 86, 91, 102, 124, 135, 136, 163, 196] 
27 : [] 
28 : [] 
29 : [18, 32, 128, 138] 
30 : [] 
31 : [] 
32 : [49, 55, 66, 83, 84, 95, 98, 99, 110, 112, 120, 137, 160, 169, 171, 174, 186, 192, 197, 198] 
33 : [17, 34, 80, 109, 127, 161, 177, 185, 188] 
34 : [7, 26, 31, 47, 48, 57, 70, 78, 82, 96, 105, 108, 125, 133, 139, 159, 164] 
35 : [] 
36 : [92, 100, 115, 121, 126, 143, 146, 147, 149, 168, 182, 191, 195] 
37 : [] 
38 : [] 
39 : [] 
40 : [0, 8, 53, 89, 107, 111, 130, 144, 199] 
41 : [] 
42 : [2, 38, 68, 122, 142, 145, 151, 155, 158, 167, 176, 178, 189] 
43 : [] 
44 : [] 
45 : [] 
46 : [] 
47 : [] 
48 : [19, 24, 29, 35, 44, 59, 72, 79, 90, 93, 103, 114, 119, 131, 140, 141, 148, 173, 179, 187] 
49 : [] 
50 : [] 
51 : [] 
52 : [] 
53 : [] 
54 : [] 
55 : [] 
56 : [] 
57 : [] 
58 : [] 
59 : [] 
fitness : 32226 
