Instalações : Clientes 
0 : [] 
1 : [] 
2 : [] 
3 : [] 
4 : [0, 1, 2, 3, 4, 5, 6, 7, 8, 9, 10, 11, 12, 13, 14, 15, 16, 17, 18, 19, 24, 29, 31, 32, 33, 35, 36, 56, 60, 61, 64] 
5 : [20, 21, 22, 23, 25, 26, 27, 28, 30] 
6 : [] 
7 : [] 
8 : [37, 42, 44, 45, 47, 53] 
9 : [34, 38, 39, 40, 41, 43, 46] 
10 : [] 
11 : [] 
12 : [] 
13 : [48, 49, 50, 51, 52, 54, 55, 57, 58, 59, 62, 63] 
14 : [] 
15 : [] 
16 : [] 
17 : [65, 66, 67, 68, 69, 70, 71, 72, 73, 74, 75, 76, 77, 78, 79] 
18 : [] 
19 : [] 
fitness : 7358 
