Instalações : Clientes 
0 : [133, 139, 176] 
1 : [150, 188, 191] 
2 : [] 
3 : [2, 28, 30, 33, 34, 36, 38, 63, 68, 70, 74, 78, 82, 87, 96, 100, 105, 108, 109, 127, 138, 142, 151, 153, 155, 158, 159, 180, 181, 185] 
4 : [] 
5 : [] 
6 : [] 
7 : [] 
8 : [] 
9 : [] 
10 : [] 
11 : [15, 18, 47, 58, 60, 69, 77, 85, 86, 102, 114, 124, 130, 135, 136, 152, 154, 157, 163, 170] 
12 : [] 
13 : [] 
14 : [] 
15 : [] 
16 : [] 
17 : [] 
18 : [129, 156, 184] 
19 : [] 
20 : [] 
21 : [] 
22 : [] 
23 : [] 
24 : [6, 11, 21, 32, 51, 54, 59, 67, 72, 81, 90, 101, 103, 134, 140, 148, 172, 186, 193, 196] 
25 : [] 
26 : [3, 10, 23, 25, 41, 44, 46, 52, 56, 61, 91, 104, 113, 132, 173, 175, 183, 187, 194] 
27 : [] 
28 : [] 
29 : [] 
30 : [] 
31 : [43, 76, 88, 98, 107, 117, 195] 
32 : [19, 24, 29, 35, 45, 84, 94, 112, 118, 119, 141, 160, 166, 169, 179, 198] 
33 : [] 
34 : [0, 7, 12, 13, 14, 16, 17, 20, 39, 42, 50, 128, 145] 
35 : [] 
36 : [] 
37 : [] 
38 : [] 
39 : [] 
40 : [] 
41 : [] 
42 : [] 
43 : [] 
44 : [5, 62, 71, 93, 95, 106, 121, 123, 131, 146, 147, 149, 168, 174, 192] 
45 : [49, 55, 64, 66, 75, 79, 83, 92, 99, 110, 115, 120, 126, 137, 143, 161, 165, 171, 182, 197] 
46 : [] 
47 : [] 
48 : [] 
49 : [] 
50 : [8, 40, 53, 65, 73, 80, 89, 97, 111, 116, 144, 162, 190, 199] 
51 : [] 
52 : [] 
53 : [] 
54 : [] 
55 : [] 
56 : [] 
57 : [] 
58 : [] 
59 : [1, 4, 9, 22, 26, 27, 31, 37, 48, 57, 122, 125, 164, 167, 177, 178, 189] 
fitness : 33626 
