Instalações : Clientes 
0 : [21] 
1 : [] 
2 : [24, 26, 39, 56, 69, 86, 87, 94, 95, 101, 104, 131] 
3 : [] 
4 : [] 
5 : [27, 36, 42, 44, 53, 61, 68, 74, 76, 91, 116, 117, 118, 119, 120, 132, 147, 149] 
6 : [] 
7 : [58, 73, 81, 93, 98, 106, 128, 136] 
8 : [8, 10, 12, 14, 17, 22, 25, 41, 43, 49, 50, 51, 66, 67, 75, 78, 89, 100, 102, 108, 109, 111, 115, 121, 124, 134, 141, 144] 
9 : [] 
10 : [] 
11 : [0, 18, 19, 28, 29, 30, 31, 33, 40, 48, 57, 60, 63, 64, 65, 72, 83, 85, 103, 107, 113, 114, 122, 126, 127, 137, 140, 145, 146] 
12 : [] 
13 : [] 
14 : [15, 16, 20, 23, 38, 45, 46, 52, 59, 84, 90, 92, 96, 110, 112, 125, 135, 139, 143, 148] 
15 : [] 
16 : [11] 
17 : [97] 
18 : [] 
19 : [] 
20 : [1, 2, 3, 4, 5, 6, 7, 9, 13, 32, 34, 35, 47, 54, 55, 62, 70, 71, 77, 80, 82, 88, 99, 123, 130, 138, 142] 
21 : [] 
22 : [] 
23 : [] 
24 : [] 
25 : [37, 129] 
26 : [] 
27 : [] 
28 : [] 
29 : [79, 105, 133] 
fitness : 14524 
